bicycle 172 169 179 185
person 171 154 180 169
bicycle 127 168 153 183
bicycle 137 167 157 182
bicycle 140 167 160 181
fire hydrant 273 169 278 179
bicycle 3 155 19 172
bicycle 11 155 32 173
bicycle 38 159 57 174
bicycle 65 158 74 176
bicycle 83 159 92 174
bicycle 90 157 98 167
bicycle 99 154 113 165
bicycle 106 155 119 170
bicycle 111 154 124 170
bicycle 120 155 130 168
bicycle 138 158 147 168
bicycle 153 165 164 178
bicycle 155 165 168 177
bicycle 166 163 172 177
bicycle 181 163 184 171
bicycle 183 162 187 171
bicycle 183 161 189 169
bicycle 187 161 193 169
car 283 155 301 162
bicycle 260 164 271 175
bicycle 258 165 269 174
bicycle 251 162 265 172
bicycle 247 162 258 171
bicycle 242 160 253 168
bicycle 237 159 251 167
car 204 158 211 164
