person 1 142 11 206
bicycle 82 160 113 178
bicycle 86 159 119 179
bicycle 89 159 121 176
bicycle 93 160 125 178
bicycle 124 159 143 174
bicycle 126 160 148 173
bicycle 129 158 154 173
person 97 147 103 160
person 104 146 111 160
person 152 151 157 170
person 157 152 163 170
person 174 154 178 167
person 178 152 184 168
person 185 151 190 158
bicycle 186 156 194 164
bicycle 192 155 201 162
bicycle 192 153 202 160
bicycle 211 155 215 160
person 210 150 215 156
person 233 148 236 157
car 236 150 267 172
person 269 151 272 162
person 272 151 275 164
umbrella 268 147 275 151
car 235 151 275 183
bicycle 277 156 291 165
bicycle 281 156 294 165
person 298 151 303 163
person 317 150 323 167
fire hydrant 327 159 330 170
person 331 151 335 166
person 336 151 340 166
umbrella 332 148 342 150
car 360 149 387 165
car 418 141 468 169
