fire hydrant 108 161 115 177
person 186 152 190 162
person 178 149 181 158
person 193 150 196 158
person 323 145 331 173
person 333 151 339 172
person 165 147 170 164
person 149 147 153 163
person 54 137 76 196
person 278 149 288 174
bicycle 53 166 76 207
bicycle 278 164 287 179
car 128 148 149 156
bicycle 169 156 176 167
car 189 146 246 194
car 242 152 248 161
car 253 153 263 164
car 262 152 272 167
car 270 153 279 169
person 262 150 267 166
person 270 152 275 168
car 290 149 323 179
stop sign 166 141 171 148
