person 179 151 186 160
car 179 147 251 204
person 271 151 277 171
person 277 151 284 172
person 292 149 302 177
person 305 145 318 187
person 425 142 438 184
person 435 142 442 180
person 439 141 449 179
person 449 143 455 192
backpack 433 150 436 160
backpack 294 157 300 168
person 153 153 156 165
person 126 154 129 164
person 129 154 132 163
person 248 153 252 160
bicycle 317 158 339 178
bicycle 362 157 384 180
bicycle 385 157 400 181
bicycle 393 158 407 180
bicycle 401 159 413 180
bicycle 411 157 423 177
bicycle 424 156 429 178
bicycle 468 155 477 175
bicycle 469 156 480 175
