person 178 138 192 176
person 196 141 207 173
person 209 143 219 175
person 221 144 231 177
person 466 150 470 160
person 469 150 473 158
person 412 150 417 167
person 370 149 374 163
person 374 150 379 159
car 119 149 141 155
car 128 148 163 160
car 167 148 195 158
backpack 196 147 202 159
backpack 209 150 214 161
backpack 222 150 229 162
car 232 148 250 159
car 241 151 268 161
car 265 151 285 158
car 275 151 308 162
car 300 150 322 161
car 313 150 344 166
car 339 152 363 165
bicycle 256 158 277 170
bicycle 264 159 283 170
bicycle 283 159 296 168
bicycle 289 158 300 168
bicycle 294 158 306 168
bicycle 392 154 401 167
bicycle 379 155 394 168
bicycle 372 159 391 170
bicycle 363 158 387 173
