bicycle 49 170 79 210
bicycle 169 162 177 180
bicycle 13 167 40 204
person 16 144 33 203
backpack 16 154 27 173
person 33 149 40 181
person 39 147 49 184
person 49 140 76 196
person 401 142 417 196
person 312 153 317 174
person 306 152 313 174
person 295 152 301 172
person 114 152 127 186
person 130 153 139 182
person 168 153 177 174
person 182 154 187 170
person 203 157 206 166
person 199 156 202 163
umbrella 200 154 207 157
bicycle 199 161 202 166
person 271 154 274 167
car 210 153 269 199
person 102 153 107 170
person 94 156 103 175
umbrella 95 150 103 157
