person 1 128 19 217
person 18 128 38 214
person 69 136 79 169
person 80 135 88 166
person 88 137 97 166
person 117 142 126 165
person 137 147 144 165
person 145 146 153 165
person 153 147 159 167
person 169 152 174 168
person 183 157 188 168
person 281 147 290 177
person 376 147 393 202
person 392 144 411 202
person 401 145 410 190
person 415 137 434 199
person 472 136 480 208
person 456 140 475 214
handbag 423 156 432 165
handbag 455 179 462 191
handbag 372 177 381 191
umbrella 376 134 408 143
car 190 146 249 194
