person 1 134 8 189
person 12 140 27 184
person 64 141 82 188
person 376 130 408 223
person 315 144 331 175
person 256 150 260 159
person 261 150 263 159
person 263 151 268 162
person 279 146 288 174
person 283 146 295 172
person 293 147 299 167
person 332 147 336 169
person 335 145 342 170
person 354 144 362 176
backpack 15 148 24 167
backpack 350 151 355 163
backpack 288 150 295 162
car 178 143 267 215
bicycle 302 156 313 168
bicycle 327 157 333 167
bicycle 361 155 368 167
bicycle 364 154 374 170
bicycle 371 152 382 166
bicycle 379 155 385 167
bicycle 415 158 424 172
bicycle 421 153 432 172
bicycle 429 156 442 174
bicycle 443 156 449 172
bicycle 446 154 461 172
bicycle 454 156 472 172
bicycle 458 158 476 172
umbrella 415 146 423 152
