bicycle 1 166 3 191
bicycle 1 164 11 188
bicycle 3 164 20 189
bicycle 19 158 34 185
bicycle 28 158 50 184
person 29 136 42 168
bicycle 42 160 57 184
bicycle 47 156 64 182
bicycle 49 153 69 179
bicycle 62 153 82 180
bicycle 76 155 90 178
bicycle 77 155 96 178
person 115 145 122 172
person 123 147 132 171
person 133 147 141 170
person 141 147 148 172
bicycle 156 154 165 163
bicycle 164 154 170 164
bicycle 170 151 181 161
bicycle 176 151 187 160
person 183 144 187 156
person 187 144 191 155
person 196 147 200 159
person 199 144 203 154
person 202 144 206 153
person 206 144 210 154
person 213 144 220 159
person 227 146 231 152
bicycle 226 151 231 159
car 229 148 269 181
person 269 149 272 159
person 272 147 275 161
umbrella 266 144 276 148
bicycle 287 154 307 168
bicycle 293 156 315 170
person 323 146 329 164
person 329 146 334 163
bicycle 320 160 339 177
person 349 146 355 168
fire hydrant 372 161 378 176
person 377 145 385 169
person 386 145 393 168
umbrella 380 141 396 146
car 402 146 434 169
