person 29 149 42 191
person 405 147 419 197
person 370 145 387 194
person 323 160 332 189
person 290 165 298 184
person 271 169 275 180
person 266 168 270 177
person 46 149 60 190
person 59 154 67 189
person 86 158 95 187
person 95 160 106 199
person 107 163 111 187
person 112 161 122 187
person 138 167 144 183
person 159 167 163 180
person 163 163 169 181
person 169 167 173 184
person 173 169 177 183
person 194 168 200 184
car 207 158 261 204
bicycle 195 177 199 185
bicycle 163 177 168 189
bicycle 112 179 122 195
backpack 111 164 118 178
