bicycle 447 166 480 212
person 318 148 323 159
person 182 149 189 164
person 52 152 76 184
person 319 143 341 199
bicycle 184 161 189 170
bicycle 323 173 338 206
bicycle 297 160 311 172
bicycle 296 160 308 170
car 412 149 435 155
car 438 146 465 154
car 353 151 381 156
car 342 151 366 156
car 285 150 320 166
car 273 152 291 163
car 263 150 277 162
car 218 151 256 178
truck 45 158 115 215
fire hydrant 176 159 179 165
backpack 325 151 339 170
umbrella 264 150 273 153
person 265 152 271 166
