person 29 139 44 177
bicycle 47 146 52 158
bicycle 132 160 142 179
bicycle 278 158 286 173
bicycle 324 151 331 162
bicycle 334 154 343 164
bicycle 347 156 354 164
bicycle 353 155 361 166
bicycle 374 153 380 165
bicycle 382 153 393 164
bicycle 396 152 400 160
bicycle 399 151 404 159
bicycle 405 150 412 158
person 384 148 387 156
person 387 145 391 158
person 392 144 396 155
person 288 145 293 163
person 294 146 298 162
person 276 144 285 170
person 301 141 318 185
person 255 149 258 155
person 250 149 253 153
backpack 290 150 293 156
bicycle 277 158 284 175
bicycle 251 151 253 154
bicycle 175 154 182 164
car 184 142 255 200
person 176 146 183 161
person 131 144 142 174
person 56 138 66 172
person 66 139 75 171
person 81 139 88 174
person 89 143 95 155
