person 154 133 172 185
car 170 151 182 161
car 192 150 214 165
car 103 149 124 157
car 119 149 153 161
person 181 140 197 180
backpack 182 149 189 163
person 197 140 210 180
backpack 198 150 205 163
person 214 142 223 180
backpack 211 149 215 165
person 223 144 234 180
backpack 225 150 233 164
bicycle 382 163 387 174
person 382 150 390 162
car 232 150 252 160
car 239 152 270 164
car 260 153 293 165
car 281 152 316 166
car 304 152 329 163
car 319 151 353 167
car 337 154 374 168
bicycle 256 161 279 173
bicycle 269 160 291 174
bicycle 291 160 313 172
bicycle 389 160 418 178
bicycle 395 160 418 175
bicycle 405 156 421 170
bicycle 424 159 431 169
person 413 151 421 159
person 430 151 434 166
fire hydrant 421 159 425 171
