bicycle 8 136 22 181
car 23 141 67 159
person 33 145 38 155
person 68 139 74 158
stop sign 89 127 99 137
bicycle 82 150 92 174
bicycle 153 156 171 166
bicycle 165 157 177 165
bicycle 125 161 141 174
bicycle 97 153 123 174
bicycle 128 168 134 182
person 125 146 138 181
person 304 149 308 157
person 309 151 312 155
person 286 148 291 159
car 427 166 480 242
car 300 153 349 189
car 324 148 436 210
car 271 152 302 176
car 248 152 258 162
person 245 151 248 159
car 194 147 250 193
car 254 149 273 168
person 146 146 152 163
person 159 146 163 165
person 162 151 165 164
person 177 150 181 162
person 182 152 185 161
person 185 151 189 161
