car 399 144 433 164
car 367 150 385 162
car 251 149 301 188
person 120 144 125 173
person 142 148 151 180
handbag 139 158 142 169
person 161 147 167 161
bicycle 162 161 180 171
bicycle 167 157 184 169
bicycle 185 157 202 169
person 192 150 198 166
person 198 150 203 169
person 327 150 332 161
person 339 151 342 160
person 294 150 297 161
person 297 151 301 161
umbrella 291 146 299 150
umbrella 340 147 347 150
person 219 152 222 162
person 222 150 225 162
person 233 150 237 158
person 247 147 251 153
bicycle 246 152 251 157
fire hydrant 429 164 439 181
