person 416 158 433 209
person 314 156 326 194
person 346 154 358 183
person 282 159 287 173
person 286 155 299 187
person 165 156 175 173
person 181 156 189 169
person 259 159 263 168
person 148 155 152 169
bicycle 167 164 173 177
bicycle 181 164 188 176
bicycle 288 174 296 192
bicycle 429 167 452 210
car 231 157 250 175
car 184 156 239 197
backpack 289 159 296 170
backpack 283 162 286 168
backpack 260 161 263 165
car 250 160 259 167
car 264 160 281 168
person 305 160 309 174
fire hydrant 159 166 163 173
