person 270 149 276 166
car 221 148 272 191
person 312 147 319 167
person 298 151 307 173
handbag 296 163 300 171
umbrella 302 147 313 150
person 104 145 114 171
person 114 145 122 172
person 123 145 132 173
person 132 145 139 170
person 137 141 144 173
person 145 143 150 165
person 162 143 168 159
person 169 143 174 159
person 168 148 173 166
person 176 146 181 159
person 184 146 189 160
person 199 150 202 160
person 214 152 217 162
person 217 152 220 161
fire hydrant 449 168 454 189
fire hydrant 460 167 467 193
bicycle 1 160 17 190
bicycle 1 160 20 193
bicycle 7 160 28 188
bicycle 8 159 33 188
bicycle 7 159 38 188
bicycle 29 160 49 185
bicycle 41 161 60 183
bicycle 62 157 82 178
bicycle 63 157 89 178
