person 171 145 181 168
bicycle 221 155 232 163
bicycle 235 155 246 164
person 231 150 239 160
person 216 149 222 169
person 471 138 480 170
person 459 140 467 171
person 449 139 456 171
person 439 141 450 174
person 355 149 360 159
umbrella 354 147 360 150
car 398 144 421 161
car 380 148 396 160
car 256 151 268 158
umbrella 268 147 273 150
car 260 148 320 199
person 313 147 316 157
person 317 147 320 156
person 323 149 326 159
person 327 151 329 159
umbrella 326 147 331 151
