person 136 145 152 177
person 366 134 398 196
person 275 153 280 166
person 251 150 257 157
car 256 154 262 161
car 218 150 256 177
car 272 150 284 162
car 283 152 304 166
car 302 149 347 169
car 341 149 361 162
car 461 147 480 154
car 389 150 403 156
bicycle 137 160 152 186
bicycle 365 166 395 218
bicycle 333 161 352 179
bicycle 335 162 353 180
bicycle 338 161 358 180
bicycle 341 162 361 182
bicycle 342 162 361 182
backpack 374 148 393 173
fire hydrant 156 159 162 171
umbrella 273 149 282 153
