person 37 138 43 161
person 36 128 64 219
bottle 34 177 41 190
fire hydrant 130 161 137 172
traffic light 232 135 236 140
person 188 152 193 161
person 370 140 380 178
person 378 148 384 174
person 408 149 414 172
handbag 407 153 410 159
bicycle 467 155 480 169
bicycle 451 157 469 171
bicycle 444 156 452 169
truck 404 151 434 170
bicycle 378 157 387 171
person 385 141 398 180
bicycle 273 160 278 174
car 240 153 245 159
car 249 152 263 163
car 255 153 270 166
car 258 152 280 170
car 282 151 297 186
car 295 139 364 198
car 188 147 247 195
traffic light 224 130 227 137
