stop sign 362 127 372 138
person 46 138 60 178
person 35 137 46 155
person 20 135 31 178
person 11 135 21 174
person 1 130 20 207
person 143 142 151 169
person 272 142 282 170
person 285 141 296 166
person 299 144 307 170
person 309 144 316 165
person 404 144 411 159
person 341 134 365 199
bicycle 1 171 25 216
bicycle 141 154 151 174
bicycle 287 157 296 175
bicycle 327 151 334 165
bicycle 316 152 322 163
bicycle 334 150 341 165
bicycle 368 156 378 169
bicycle 379 156 387 169
bicycle 386 155 392 168
bicycle 390 155 399 168
bicycle 401 155 413 167
bicycle 413 155 423 167
bicycle 423 154 436 168
bicycle 445 148 457 163
person 459 142 467 160
backpack 297 149 302 158
backpack 49 144 58 159
car 253 149 265 161
car 176 139 266 212
