person 1 141 9 186
person 40 142 55 185
person 57 137 71 185
person 60 141 70 181
person 108 142 113 169
person 104 144 112 184
person 115 147 124 179
backpack 101 150 105 160
person 126 141 133 164
person 133 142 139 164
person 143 142 149 164
person 155 147 160 163
person 161 147 168 164
person 181 152 186 164
car 197 146 259 194
person 271 148 280 172
person 324 147 331 167
person 320 149 330 183
person 331 148 339 181
person 340 144 347 179
person 349 142 357 178
person 359 141 372 179
umbrella 322 141 342 147
