car 1 139 30 159
car 5 144 35 164
person 312 152 322 176
car 90 145 127 169
car 119 145 157 155
car 155 146 202 173
car 177 151 244 179
car 453 152 479 171
person 338 151 348 177
person 374 150 382 170
car 438 154 452 164
car 419 154 440 169
car 390 154 435 172
bicycle 386 165 408 193
fire hydrant 408 171 418 184
bicycle 1 164 30 224
bicycle 88 152 118 219
bicycle 411 175 434 203
bicycle 419 172 456 204
bicycle 422 160 465 203
bicycle 426 158 474 211
bicycle 461 181 479 224
bicycle 466 192 479 226
bicycle 474 201 480 231
person 29 118 86 270
person 67 128 98 253
person 126 125 164 233
backpack 121 148 140 182
backpack 69 148 83 176
backpack 21 151 49 202
umbrella 82 176 94 190
bottle 156 186 163 199
