person 41 146 52 183
person 53 149 62 185
person 61 147 70 186
handbag 59 162 63 169
umbrella 52 141 66 146
umbrella 262 147 271 150
person 205 150 211 160
person 183 147 189 165
person 189 148 193 159
person 418 141 430 179
person 432 141 446 176
person 353 143 363 175
person 364 144 372 172
person 254 152 258 157
person 262 150 267 163
person 267 150 271 165
person 215 148 255 183
person 173 148 178 161
person 166 149 170 157
person 163 149 167 160
person 160 148 163 159
person 156 149 159 157
bicycle 205 160 211 168
bicycle 300 157 315 176
bicycle 303 159 326 179
bicycle 314 160 351 181
bicycle 419 169 449 211
bicycle 87 155 109 173
bicycle 102 160 121 173
bicycle 118 157 132 173
bicycle 126 157 136 169
bicycle 136 154 149 167
bicycle 138 154 151 166
bicycle 140 155 153 166
person 148 149 151 154
person 151 148 156 156
