traffic light 121 105 130 125
car 460 154 479 164
car 452 155 468 165
car 447 154 462 165
car 389 151 425 168
truck 421 141 450 166
bicycle 242 157 271 170
person 251 144 263 174
person 261 144 271 174
car 245 150 257 157
person 222 147 227 158
car 124 143 136 148
car 138 144 148 148
car 153 145 162 149
person 140 142 144 149
person 151 143 154 150
bicycle 197 152 208 159
bicycle 205 151 211 157
bicycle 210 150 219 157
bicycle 130 148 143 154
bicycle 159 148 168 155
bicycle 167 148 176 155
