car 214 149 260 187
bicycle 141 163 158 189
person 141 146 161 185
person 164 144 170 167
person 180 148 185 162
person 271 149 276 158
person 273 152 278 169
person 279 151 286 168
umbrella 276 146 285 151
person 136 147 141 161
person 142 147 147 160
person 186 148 189 158
person 196 150 201 161
person 253 149 259 162
person 408 149 414 166
person 415 147 421 165
bicycle 443 160 480 223
bicycle 376 155 404 206
bicycle 385 165 440 205
bicycle 390 167 448 207
bicycle 1 161 28 189
bicycle 14 162 47 184
bicycle 31 164 54 184
bicycle 41 162 66 184
bicycle 53 163 76 180
bicycle 57 158 87 180
bicycle 87 162 109 177
bicycle 90 159 116 175
bicycle 92 157 122 172
bicycle 101 158 127 171
bicycle 111 158 131 172
bicycle 116 158 139 171
fire hydrant 345 161 347 173
fire hydrant 348 160 351 176
