car 194 146 240 186
car 233 149 246 165
person 1 130 13 201
person 24 142 39 177
person 48 135 76 191
person 93 145 109 180
person 305 143 325 186
person 334 142 348 176
person 409 139 422 185
bottle 345 159 348 166
bottle 276 149 280 159
person 252 151 255 157
bicycle 252 157 255 160
person 259 151 263 159
car 256 151 259 157
car 262 150 285 160
car 288 151 307 159
car 325 152 335 155
bicycle 305 166 323 191
bicycle 252 157 255 160
bicycle 1 189 19 226
bicycle 50 165 76 208
bicycle 91 160 110 186
handbag 25 154 28 164
backpack 311 148 322 163
backpack 278 152 280 159
