car 19 143 47 181
car 68 143 96 157
car 74 144 144 179
car 113 149 193 182
car 432 150 480 174
car 414 152 432 167
car 394 153 414 170
car 359 150 400 170
person 252 149 264 174
person 310 147 320 179
person 332 148 338 168
person 338 150 346 169
umbrella 23 173 45 199
bottle 63 195 71 211
backpack 32 145 52 187
backpack 1 148 16 206
person 1 115 36 270
person 32 121 79 248
bicycle 381 169 438 204
bicycle 439 174 479 225
bicycle 442 179 480 225
bicycle 448 196 479 233
bicycle 465 191 480 239
fire hydrant 413 173 427 207
