person 3 149 12 183
person 11 144 20 181
person 18 136 32 189
person 82 140 106 197
bicycle 83 163 103 204
bicycle 187 153 193 162
umbrella 1 136 14 151
umbrella 154 149 164 159
umbrella 193 147 203 151
person 156 157 162 167
person 165 148 171 168
person 180 150 185 162
person 186 149 193 157
person 194 151 197 160
person 198 150 203 160
car 216 147 254 169
car 209 149 267 193
person 328 140 341 176
person 359 141 365 168
person 351 140 362 175
person 364 136 377 182
person 136 149 140 165
