person 0.9988 40 143 53 183
person 0.9919 353 145 362 173
person 0.9829 415 139 430 179
person 0.9779 183 147 191 162
person 0.9769 433 139 448 174
person 0.9678 54 147 64 186
person 0.9568 61 148 70 185
person 0.9504 263 148 268 165
person 0.9303 363 144 372 173
person 0.9251 165 148 170 159
person 0.9002 158 148 165 160
person 0.8711 204 149 211 166
person 0.8204 174 147 181 160
person 0.7463 251 148 256 159
person 0.6919 150 147 157 159
person 0.5529 204 148 210 159
person 0.5142 266 150 271 164
person 0.1441 214 150 257 182
person 0.1392 267 149 271 159
person 0.1149 196 149 201 158
person 0.0996 102 145 109 160
person 0.0434 140 147 148 158
person 0.0275 211 153 216 161
person 0.0180 150 146 157 153
handbag 0.1231 55 157 63 178
handbag 0.0510 354 152 360 171
handbag 0.0501 364 153 372 171
handbag 0.0183 43 153 55 171
handbag 0.0166 63 157 71 177
handbag 0.0118 365 164 370 172
umbrella 0.7141 51 139 66 146
umbrella 0.5857 262 146 270 149
umbrella 0.3460 264 146 272 149
umbrella 0.0197 252 147 257 151
umbrella 0.0154 53 142 64 150
backpack 0.1368 56 155 62 173
backpack 0.0266 351 148 360 160
backpack 0.0213 364 149 370 159
car 0.9544 214 148 254 180
bicycle 0.9995 310 156 345 179
bicycle 0.9588 418 157 447 210
bicycle 0.9154 298 156 320 177
bicycle 0.7608 116 155 133 170
bicycle 0.7478 303 156 332 178
bicycle 0.7340 124 155 141 168
bicycle 0.6246 203 158 210 166
bicycle 0.5999 134 155 150 167
bicycle 0.5739 148 151 157 165
bicycle 0.5664 94 153 117 171
bicycle 0.5062 103 154 127 170
bicycle 0.3846 143 157 157 166
bicycle 0.1080 88 156 107 170
bicycle 0.0313 174 151 179 162
bicycle 0.0293 86 149 110 170
bicycle 0.0288 296 153 310 175
bicycle 0.0252 101 150 111 167
bicycle 0.0135 107 154 139 169
stop sign 0.1159 324 140 330 155
stop sign 0.0823 325 137 331 148
stop sign 0.0158 375 132 384 139
stop sign 0.0101 390 124 397 141
