person 0.9956 319 142 340 195
person 0.9936 49 150 74 193
person 0.8461 265 150 275 163
person 0.8066 183 150 189 167
person 0.4000 262 150 269 163
person 0.0612 53 150 79 178
person 0.0408 179 152 184 166
person 0.0389 317 149 323 158
person 0.0232 184 147 190 160
person 0.0186 318 149 324 167
person 0.0106 220 151 255 181
person 0.0102 251 153 258 160
umbrella 0.5927 263 149 275 158
umbrella 0.0308 262 150 270 159
backpack 0.4398 329 150 339 168
backpack 0.3203 322 149 340 175
car 0.9914 221 148 254 177
car 0.9761 405 148 433 155
car 0.9658 283 150 318 166
car 0.7337 339 149 357 156
car 0.7063 277 151 288 162
car 0.6138 360 150 385 155
car 0.2174 465 142 480 155
car 0.2100 435 147 462 155
car 0.1733 385 148 397 153
car 0.1707 288 151 308 164
car 0.1174 377 149 391 154
car 0.1019 281 150 298 164
car 0.0976 402 148 421 154
car 0.0830 437 143 475 155
car 0.0195 454 143 478 158
car 0.0189 431 148 447 154
car 0.0157 416 148 437 153
car 0.0144 457 147 478 155
car 0.0140 392 148 407 154
car 0.0139 338 151 354 161
fire hydrant 0.1568 178 158 183 167
fire hydrant 0.0152 168 159 173 165
bicycle 0.9980 321 170 336 206
bicycle 0.9972 444 159 481 210
bicycle 0.7659 182 156 189 169
bicycle 0.7439 294 157 311 170
bicycle 0.1108 182 163 188 170
bicycle 0.0334 266 157 273 166
bicycle 0.0167 289 157 298 167
truck 0.9940 48 162 116 216
