person 0.9967 368 144 379 176
person 0.9918 24 135 36 179
person 0.9845 264 149 271 161
person 0.9775 126 140 140 176
person 0.2196 137 148 144 174
person 0.1048 24 138 35 163
handbag 0.1493 139 153 144 162
handbag 0.1197 139 156 144 166
handbag 0.0129 138 158 144 170
car 0.9981 444 171 478 264
car 0.9938 298 151 371 196
car 0.9375 197 145 253 191
bicycle 0.0134 129 148 139 179
traffic light 0.9929 210 97 216 110
traffic light 0.9886 245 118 249 127
traffic light 0.9860 231 118 234 126
traffic light 0.9795 187 97 193 109
traffic light 0.0212 243 118 247 126
