person 0.9983 401 137 416 198
person 0.9955 54 139 77 202
person 0.9878 129 151 139 183
person 0.9692 15 144 37 200
person 0.9659 112 151 124 185
person 0.9605 38 146 49 182
person 0.7390 312 152 318 173
person 0.7098 307 152 313 173
person 0.5918 167 153 178 176
person 0.5791 293 150 301 174
person 0.4795 30 143 40 184
person 0.4441 196 154 203 164
person 0.3928 152 154 158 170
person 0.3390 179 154 186 169
person 0.3120 212 155 270 199
person 0.2857 86 152 93 173
person 0.2277 182 154 188 169
person 0.2145 93 148 102 176
person 0.2137 201 155 208 164
person 0.1937 100 153 106 175
person 0.1410 305 152 311 166
person 0.1127 288 153 293 171
person 0.0850 270 153 276 164
person 0.0804 43 147 53 180
person 0.0689 155 156 162 170
person 0.0660 54 142 67 195
person 0.0444 168 153 177 164
person 0.0397 130 154 140 173
person 0.0336 336 154 343 171
person 0.0331 271 155 276 168
person 0.0295 402 143 414 177
person 0.0257 96 149 102 167
person 0.0168 98 143 107 176
person 0.0138 210 158 216 166
person 0.0129 114 150 119 167
person 0.0122 113 154 120 173
person 0.0121 156 152 164 166
person 0.0105 6 146 13 160
person 0.0101 58 143 76 174
handbag 0.0209 47 154 55 172
handbag 0.0121 46 160 54 175
umbrella 0.6172 94 148 104 156
umbrella 0.0874 98 148 106 157
umbrella 0.0252 94 147 103 152
umbrella 0.0158 113 149 120 156
backpack 0.5151 15 155 26 170
backpack 0.0471 38 153 48 172
backpack 0.0255 14 156 20 169
backpack 0.0155 33 147 38 169
backpack 0.0147 31 153 39 172
car 0.7695 209 151 266 198
bicycle 0.9696 48 168 80 210
bicycle 0.6037 167 166 177 180
bicycle 0.5279 12 160 39 202
bicycle 0.0434 166 172 176 180
bicycle 0.0230 109 170 120 185
bicycle 0.0142 176 162 184 173
bicycle 0.0134 148 163 159 172
stop sign 0.0962 122 149 131 154
stop sign 0.0358 120 146 129 153
stop sign 0.0293 146 150 152 155
stop sign 0.0114 100 136 110 147
