person 0.9986 423 141 445 220
person 0.9813 413 138 426 188
person 0.9673 70 145 81 175
person 0.9333 268 145 280 177
person 0.9070 273 146 286 176
person 0.8623 112 147 119 167
person 0.8100 89 142 97 176
person 0.5355 69 144 76 174
person 0.1263 91 147 97 169
person 0.1191 118 148 123 167
person 0.1118 397 141 408 188
person 0.1071 80 143 90 175
person 0.0289 185 149 191 158
person 0.0249 188 151 194 162
person 0.0218 119 147 125 161
person 0.0179 81 149 88 167
person 0.0146 268 152 277 172
person 0.0140 132 149 137 157
handbag 0.0310 72 151 81 172
handbag 0.0188 83 152 90 172
backpack 0.7879 428 154 441 180
backpack 0.1918 266 150 276 165
backpack 0.1027 426 151 443 193
backpack 0.0482 277 149 286 166
backpack 0.0144 92 147 97 161
backpack 0.0121 70 148 74 160
car 0.9969 227 148 247 171
car 0.9953 285 150 317 176
car 0.9934 440 135 480 210
car 0.9785 190 148 239 187
car 0.8336 248 151 259 158
car 0.7654 171 150 185 158
car 0.5642 258 151 268 162
car 0.3946 256 150 264 158
car 0.2576 201 148 246 175
car 0.0509 168 149 177 158
car 0.0213 266 149 276 160
car 0.0150 278 150 286 159
car 0.0127 243 151 250 156
bicycle 0.0184 277 162 287 176
