person 0.9994 403 134 430 194
person 0.6415 202 152 207 162
person 0.0798 194 153 204 160
person 0.0273 201 151 208 158
car 0.9994 142 150 180 175
car 0.9963 297 153 383 206
car 0.6658 272 153 288 163
car 0.1826 280 152 300 165
bicycle 0.9881 387 167 475 243
bicycle 0.9607 429 157 478 207
bicycle 0.3798 411 159 462 203
bicycle 0.1944 400 158 438 199
bicycle 0.1025 427 162 451 195
bicycle 0.0642 450 162 480 217
bicycle 0.0466 275 156 287 165
bicycle 0.0227 470 160 479 206
truck 0.4687 278 150 304 165
truck 0.3179 270 145 291 162
truck 0.3085 274 145 306 162
truck 0.0101 271 153 280 163
