person 0.2115 234 146 242 163
person 0.1335 236 150 245 164
car 0.8888 285 150 302 159
car 0.3883 300 150 320 158
car 0.0717 316 149 337 158
car 0.0614 284 150 319 159
car 0.0228 309 151 324 160
car 0.0212 314 146 360 160
car 0.0172 287 151 308 160
car 0.0147 326 149 344 158
bicycle 0.9987 414 157 483 211
bicycle 0.0219 231 157 242 166
stop sign 0.7181 101 68 112 82
stop sign 0.2399 108 68 123 81
stop sign 0.0361 115 67 129 80
stop sign 0.0243 156 120 166 131
stop sign 0.0215 126 69 137 80
stop sign 0.0163 155 110 166 120
stop sign 0.0152 153 106 167 117
stop sign 0.0147 110 65 123 77
truck 0.4871 247 148 263 161
truck 0.3815 233 149 244 166
truck 0.0251 255 149 263 160
truck 0.0176 310 139 363 158
truck 0.0171 232 145 249 164
