person 0.9409 305 147 317 171
person 0.0214 277 149 283 164
handbag 0.1834 306 153 315 170
handbag 0.1116 312 158 318 167
car 0.9961 198 145 258 199
car 0.9492 250 150 263 163
car 0.0360 234 147 258 167
car 0.0151 379 149 387 154
fire hydrant 0.9874 148 157 154 169
fire hydrant 0.1293 151 153 155 167
fire hydrant 0.1284 145 158 149 169
fire hydrant 0.0818 146 161 151 172
fire hydrant 0.0686 179 154 183 162
fire hydrant 0.0161 156 158 161 167
fire hydrant 0.0159 186 154 193 161
fire hydrant 0.0100 156 155 160 164
bicycle 0.8756 341 155 353 171
bicycle 0.0622 196 154 202 161
bicycle 0.0298 345 157 358 170
traffic light 0.9973 232 87 239 101
traffic light 0.9947 261 87 267 101
