person 0.9811 439 142 460 218
person 0.9491 311 146 320 176
person 0.9412 328 149 342 180
person 0.7992 130 148 137 168
person 0.7828 323 149 336 179
person 0.7720 122 148 128 169
person 0.7222 250 149 259 164
person 0.3421 146 147 151 167
person 0.3176 260 148 265 158
person 0.1876 139 149 145 167
person 0.1648 331 149 358 177
person 0.1260 258 150 266 164
person 0.0892 186 152 192 160
person 0.0661 120 152 126 172
person 0.0544 193 154 199 161
person 0.0263 447 154 463 211
person 0.0239 258 148 271 169
person 0.0213 323 154 333 173
person 0.0165 123 148 129 161
person 0.0153 100 146 107 160
person 0.0140 262 146 267 152
person 0.0124 475 144 480 153
handbag 0.1221 440 170 451 184
handbag 0.0336 330 158 341 177
handbag 0.0303 323 159 331 176
handbag 0.0292 448 170 461 185
handbag 0.0180 440 162 455 193
handbag 0.0150 442 182 449 195
umbrella 0.9756 420 133 461 143
umbrella 0.5397 333 143 362 150
umbrella 0.0473 330 144 342 149
backpack 0.2206 334 152 341 164
backpack 0.1637 332 154 340 172
backpack 0.0864 439 158 453 188
backpack 0.0600 448 165 460 182
backpack 0.0463 446 159 462 197
backpack 0.0257 323 153 333 164
car 0.9953 198 149 241 181
car 0.9834 324 146 366 179
car 0.9590 457 147 479 212
car 0.8944 258 152 280 170
car 0.8077 239 152 249 160
car 0.7640 172 151 182 157
car 0.3911 455 148 481 167
car 0.1048 169 151 178 157
car 0.0999 468 152 479 204
car 0.0617 454 148 479 158
car 0.0608 235 152 241 160
car 0.0382 183 152 192 157
car 0.0268 474 147 481 157
car 0.0127 169 152 176 160
bicycle 0.0265 250 156 258 167
