person 0.8507 170 152 181 183
person 0.0595 172 155 181 173
person 0.0183 231 154 241 164
person 0.0109 168 157 176 171
car 0.7185 282 155 296 163
car 0.5829 182 159 193 165
car 0.4070 246 157 260 162
car 0.2087 238 157 254 163
car 0.1686 201 158 210 162
car 0.1209 184 158 194 162
car 0.1101 278 156 290 162
car 0.0906 192 158 202 162
car 0.0881 294 156 305 163
car 0.0823 0 148 6 159
car 0.0340 38 151 57 158
car 0.0199 255 156 266 163
fire hydrant 0.2349 272 168 278 176
bicycle 0.9713 142 162 164 178
bicycle 0.9113 127 162 155 181
bicycle 0.8783 253 160 273 172
bicycle 0.8774 262 161 280 174
bicycle 0.8633 234 158 254 168
bicycle 0.8313 0 154 9 173
bicycle 0.8129 244 158 263 170
bicycle 0.8090 149 161 170 177
bicycle 0.8051 32 154 54 172
bicycle 0.6342 2 153 21 172
bicycle 0.5938 85 157 108 178
bicycle 0.4174 116 153 133 164
bicycle 0.4019 22 154 40 172
bicycle 0.3739 272 162 288 174
bicycle 0.3519 294 157 307 167
bicycle 0.3506 41 155 57 171
bicycle 0.3392 106 153 123 163
bicycle 0.3318 14 153 31 172
bicycle 0.3150 301 157 312 167
bicycle 0.2434 48 154 69 172
bicycle 0.2305 283 161 296 174
bicycle 0.2244 181 161 192 172
bicycle 0.2212 167 159 178 176
bicycle 0.2199 233 159 242 167
bicycle 0.2153 77 158 101 177
bicycle 0.1983 99 152 114 162
bicycle 0.1969 81 153 94 161
bicycle 0.1967 92 157 117 179
bicycle 0.1878 236 162 253 170
bicycle 0.1871 172 165 180 182
bicycle 0.1728 61 152 76 161
bicycle 0.1573 281 157 299 167
bicycle 0.1555 70 152 86 161
bicycle 0.1439 52 153 67 162
bicycle 0.1436 65 157 91 177
bicycle 0.1241 87 153 105 162
bicycle 0.1129 58 154 79 174
bicycle 0.1049 39 152 58 163
bicycle 0.0960 172 158 181 177
bicycle 0.0923 0 148 7 168
bicycle 0.0900 124 152 136 163
bicycle 0.0841 164 161 180 182
bicycle 0.0796 104 162 144 184
bicycle 0.0777 102 150 113 158
bicycle 0.0656 273 157 289 169
bicycle 0.0608 114 156 131 167
bicycle 0.0524 105 154 126 170
bicycle 0.0437 104 158 127 179
bicycle 0.0433 173 171 179 183
bicycle 0.0426 88 155 104 170
bicycle 0.0370 271 166 285 177
bicycle 0.0218 81 156 96 170
bicycle 0.0204 97 155 114 169
bicycle 0.0199 15 151 30 165
bicycle 0.0169 281 165 295 177
bicycle 0.0169 61 160 75 174
bicycle 0.0165 25 159 36 173
bicycle 0.0159 301 155 311 164
bicycle 0.0157 18 160 28 173
bicycle 0.0144 106 150 117 158
bicycle 0.0143 63 152 75 157
bicycle 0.0137 80 161 96 175
bicycle 0.0129 125 157 137 167
bicycle 0.0118 73 151 85 158
bicycle 0.0112 69 161 87 174
bicycle 0.0112 293 160 304 172
bicycle 0.0111 89 151 106 159
bicycle 0.0100 169 171 178 184
stop sign 0.9048 471 130 480 141
