person 0.9963 330 143 346 172
person 0.0408 285 146 290 162
person 0.0248 337 145 348 174
person 0.0195 278 151 284 162
person 0.0119 354 0 372 26
handbag 0.7543 340 157 347 166
handbag 0.2812 332 149 343 167
handbag 0.0480 335 155 342 168
backpack 0.0122 331 148 342 161
car 0.9941 196 141 260 196
car 0.9750 252 149 268 163
car 0.0240 251 149 259 158
fire hydrant 0.8684 124 161 130 172
fire hydrant 0.3696 128 159 132 170
fire hydrant 0.0244 453 155 460 171
bicycle 0.8163 383 152 399 177
stop sign 0.0121 101 134 108 141
traffic light 0.9769 231 67 239 86
traffic light 0.9603 268 67 276 87
