person 0.8993 158 146 163 161
person 0.8233 194 147 199 161
person 0.6014 192 147 197 162
person 0.2755 200 146 205 155
person 0.1672 196 146 201 157
person 0.0621 201 145 206 151
person 0.0115 154 146 158 161
car 0.9976 267 152 285 168
car 0.9972 390 147 479 259
car 0.9950 317 149 400 198
car 0.9935 292 146 336 181
car 0.9875 280 149 301 175
car 0.9819 198 145 251 190
car 0.7376 239 146 251 167
car 0.6535 250 150 257 156
car 0.2993 265 150 272 156
car 0.1367 257 150 267 156
car 0.0531 245 148 253 159
car 0.0162 215 147 252 177
car 0.0122 268 150 276 156
car 0.0115 277 154 287 173
car 0.0107 235 145 254 173
bicycle 0.0308 193 152 199 162
traffic light 0.9969 226 115 231 124
traffic light 0.9859 240 126 243 132
traffic light 0.8977 253 127 256 132
traffic light 0.6426 213 115 216 122
traffic light 0.3080 249 127 253 132
traffic light 0.0197 237 125 240 131
traffic light 0.0133 249 129 253 134
traffic light 0.0105 251 129 255 134
