person 0.9991 371 142 385 194
person 0.9976 48 150 58 188
person 0.9970 28 148 40 188
person 0.9942 322 159 331 187
person 0.9938 291 164 297 184
person 0.9915 404 145 418 196
person 0.9860 93 158 106 201
person 0.9541 138 167 143 181
person 0.9437 105 161 111 188
person 0.9072 85 157 93 188
person 0.8227 110 159 120 190
person 0.8137 163 163 169 181
person 0.7512 170 167 176 183
person 0.7020 58 152 64 190
person 0.6097 157 166 163 184
person 0.5080 193 167 200 184
person 0.4285 266 167 271 177
person 0.4203 184 166 189 178
person 0.3442 191 161 196 183
person 0.1821 258 166 263 176
person 0.1063 270 167 274 177
person 0.0990 191 165 195 178
person 0.0851 70 156 76 188
person 0.0765 106 167 110 181
person 0.0705 183 168 188 181
person 0.0459 191 168 196 182
person 0.0394 295 164 300 185
person 0.0336 60 155 67 189
person 0.0271 267 168 272 180
person 0.0136 33 147 46 189
person 0.0133 278 166 282 177
handbag 0.0550 59 163 63 174
handbag 0.0192 58 166 64 177
handbag 0.0144 39 170 44 180
backpack 0.7880 112 165 118 176
backpack 0.1257 107 166 111 178
backpack 0.0141 194 167 200 178
car 0.9803 206 157 260 203
bicycle 0.9738 110 177 121 195
bicycle 0.7707 194 173 200 184
bicycle 0.5696 158 177 166 188
bicycle 0.0122 169 174 175 184
