car 0.9976 118 129 307 225
car 0.9923 388 147 478 189
bicycle 0.7865 141 150 154 159
bicycle 0.6703 80 149 99 166
bicycle 0.6310 136 150 148 159
bicycle 0.5067 51 149 68 164
bicycle 0.4529 129 149 144 159
bicycle 0.4246 57 149 75 164
bicycle 0.3840 46 149 61 164
bicycle 0.2535 25 150 42 165
bicycle 0.2113 39 150 54 165
bicycle 0.1877 346 150 374 173
bicycle 0.1688 359 154 379 174
bicycle 0.1081 33 151 49 165
bicycle 0.0842 342 152 361 171
bicycle 0.0711 70 148 88 165
bicycle 0.0640 147 150 156 159
bicycle 0.0339 63 147 79 164
bicycle 0.0253 114 147 129 160
bicycle 0.0168 88 148 105 160
bicycle 0.0165 108 149 126 165
bicycle 0.0147 157 151 167 159
bicycle 0.0102 115 146 128 154
stop sign 0.9989 444 130 453 140
