person 0.9949 54 136 78 192
person 0.9445 278 148 287 175
person 0.9036 322 143 332 173
person 0.5612 329 143 338 174
person 0.5051 185 148 190 161
person 0.4930 165 145 173 162
person 0.3708 175 148 183 160
person 0.2075 317 144 325 173
person 0.0923 147 146 153 159
person 0.0753 148 149 154 166
person 0.0720 158 146 167 161
person 0.0657 322 144 328 163
person 0.0321 269 149 276 158
person 0.0287 318 147 324 166
person 0.0275 260 149 267 159
person 0.0190 62 150 77 196
person 0.0182 192 149 198 157
handbag 0.0221 332 154 338 172
car 0.9930 287 148 322 178
car 0.9757 247 150 259 162
car 0.9541 190 142 246 187
car 0.7946 259 151 270 166
car 0.7584 130 147 151 156
car 0.6002 267 154 279 169
car 0.4386 126 147 145 155
car 0.2583 242 151 250 161
car 0.1470 240 151 247 158
car 0.0634 127 147 140 152
fire hydrant 0.9840 107 158 114 177
bicycle 0.9401 50 161 77 204
bicycle 0.7503 278 161 287 178
bicycle 0.1779 174 150 183 163
bicycle 0.0387 168 157 174 165
bicycle 0.0299 157 151 168 164
bicycle 0.0262 331 162 338 174
stop sign 0.6369 164 139 172 146
stop sign 0.1552 160 139 166 146
stop sign 0.0329 66 118 73 135
stop sign 0.0177 174 139 183 148
stop sign 0.0159 114 134 119 142
