person 0.9938 380 132 410 222
person 0.9821 10 140 28 183
person 0.9782 0 133 8 185
person 0.9761 314 140 325 177
person 0.9755 65 141 83 185
person 0.9456 331 143 341 171
person 0.9421 287 144 298 173
person 0.8658 278 144 287 173
person 0.8586 351 144 361 173
person 0.6472 260 149 267 164
person 0.4114 293 148 300 166
person 0.2188 414 147 422 158
person 0.1207 183 147 190 160
person 0.1144 450 142 456 153
person 0.0813 325 147 332 160
person 0.0727 254 149 259 158
person 0.0522 448 141 460 166
person 0.0421 180 152 185 164
person 0.0396 294 149 299 160
person 0.0396 280 148 285 161
person 0.0334 323 144 334 172
person 0.0319 291 146 301 171
person 0.0297 4 134 21 187
person 0.0294 448 142 454 154
person 0.0263 343 149 350 165
person 0.0249 444 140 456 166
person 0.0226 267 149 274 159
person 0.0225 180 148 186 160
person 0.0218 415 146 421 152
person 0.0216 352 146 359 162
person 0.0209 339 145 350 171
person 0.0179 24 136 34 170
backpack 0.2193 331 148 339 160
backpack 0.0643 12 150 21 164
backpack 0.0618 287 148 297 161
backpack 0.0615 315 148 322 160
backpack 0.0519 1 149 8 166
backpack 0.0332 315 147 324 168
backpack 0.0164 15 150 26 165
car 0.9977 177 144 268 215
car 0.0207 303 150 312 157
fire hydrant 0.0103 180 156 185 167
bicycle 0.9307 367 152 379 165
bicycle 0.8818 415 155 426 173
bicycle 0.8217 377 152 385 164
bicycle 0.8177 421 155 433 173
bicycle 0.7866 456 153 476 173
bicycle 0.7833 58 162 82 195
bicycle 0.7318 360 151 369 165
bicycle 0.7103 431 155 444 172
bicycle 0.6696 442 155 454 171
bicycle 0.6073 302 158 312 166
bicycle 0.5686 448 153 465 172
bicycle 0.5578 286 159 297 179
bicycle 0.4756 325 156 334 170
bicycle 0.3268 296 157 304 168
bicycle 0.2607 469 149 479 165
bicycle 0.2539 377 156 384 166
bicycle 0.1835 468 153 479 171
bicycle 0.1279 359 154 367 168
bicycle 0.1224 351 153 360 171
bicycle 0.0876 364 149 382 168
bicycle 0.0871 278 161 288 175
bicycle 0.0830 302 153 312 164
bicycle 0.0717 415 149 423 166
bicycle 0.0539 326 150 333 165
bicycle 0.0519 331 155 341 170
bicycle 0.0476 357 148 371 169
bicycle 0.0386 378 150 385 158
bicycle 0.0304 351 160 360 176
bicycle 0.0185 368 150 378 159
bicycle 0.0164 450 160 463 172
bicycle 0.0162 314 153 325 170
bicycle 0.0146 461 150 474 164
bicycle 0.0135 324 160 333 173
bicycle 0.0120 275 158 291 177
bicycle 0.0120 450 150 462 165
bicycle 0.0106 423 151 432 165
