person 0.9922 384 121 420 249
person 0.9804 415 120 440 245
person 0.8212 170 145 178 172
person 0.7588 279 150 286 166
person 0.3749 282 148 296 171
person 0.2922 172 147 180 169
person 0.2922 283 150 291 167
person 0.1754 120 142 127 161
person 0.1628 185 151 193 162
person 0.1446 194 152 200 161
person 0.1084 73 140 79 152
person 0.0363 158 151 165 166
person 0.0325 278 149 285 159
person 0.0195 171 147 176 159
person 0.0157 201 148 207 159
person 0.0151 147 145 156 159
person 0.0146 303 151 307 164
person 0.0120 147 142 153 153
handbag 0.0444 386 188 402 210
car 0.9767 255 151 266 162
car 0.9597 202 144 256 186
car 0.9212 265 152 275 165
car 0.8575 465 163 479 262
car 0.5084 284 151 307 171
car 0.3717 252 152 260 161
car 0.1623 151 147 169 156
car 0.1351 468 189 480 251
car 0.0290 290 151 305 167
car 0.0196 268 155 279 166
car 0.0128 470 160 480 228
car 0.0111 267 149 275 159
fire hydrant 0.7972 158 156 164 168
fire hydrant 0.1155 115 159 120 169
bicycle 0.1514 279 154 288 170
bicycle 0.1453 172 154 179 172
bicycle 0.0650 171 161 177 173
bicycle 0.0428 280 161 295 172
bicycle 0.0395 279 162 288 171
bottle 0.0884 385 191 400 207
traffic light 0.0144 244 140 248 146
