person 0.9987 455 134 480 223
person 0.7856 289 151 295 173
person 0.7755 276 150 283 163
person 0.5803 182 147 187 160
person 0.4781 181 148 185 160
person 0.2410 307 150 315 156
person 0.1771 204 148 209 159
person 0.0407 253 150 260 158
person 0.0320 213 150 218 158
person 0.0261 301 151 314 163
person 0.0211 267 152 275 161
person 0.0169 195 150 200 159
person 0.0160 310 150 320 154
person 0.0146 161 150 167 157
person 0.0135 266 150 273 158
person 0.0110 296 152 302 163
umbrella 0.8199 284 147 295 151
umbrella 0.2927 283 148 295 154
umbrella 0.0459 277 150 282 158
umbrella 0.0153 182 145 188 151
umbrella 0.0100 180 146 186 151
car 0.9998 336 146 411 178
car 0.9972 301 152 339 170
car 0.9969 423 148 469 176
car 0.9939 224 148 258 176
car 0.9162 256 152 266 161
car 0.8067 390 150 424 172
car 0.2977 409 151 432 158
car 0.1359 253 151 260 161
car 0.0433 430 143 480 193
car 0.0369 417 152 433 160
car 0.0281 306 152 329 166
car 0.0192 409 150 430 165
fire hydrant 0.9930 111 158 118 175
fire hydrant 0.2605 152 156 157 168
fire hydrant 0.0958 156 157 161 167
fire hydrant 0.0575 113 154 120 176
bicycle 0.9916 447 169 479 240
bicycle 0.0420 473 170 480 240
bicycle 0.0419 289 162 295 171
