person 0.9952 55 139 65 171
person 0.9880 28 137 42 179
person 0.9802 131 144 142 174
person 0.9769 303 139 316 187
person 0.9684 66 138 74 170
person 0.8491 287 145 295 162
person 0.8006 79 139 89 168
person 0.5789 176 146 182 161
person 0.5651 294 146 298 161
person 0.5147 250 147 257 156
person 0.5053 387 145 395 160
person 0.2921 276 146 284 161
person 0.2317 388 143 394 152
person 0.1568 276 144 285 170
person 0.1158 258 146 264 157
person 0.1084 250 147 256 152
person 0.0975 88 137 97 170
person 0.0843 18 139 32 176
person 0.0614 93 142 102 173
person 0.0551 78 143 86 162
person 0.0429 381 144 389 152
person 0.0402 67 141 73 157
person 0.0390 34 138 44 171
person 0.0329 245 147 251 156
person 0.0291 38 141 43 156
person 0.0274 260 144 265 154
person 0.0214 135 148 144 166
person 0.0209 183 148 190 159
person 0.0162 89 143 96 162
person 0.0152 385 143 397 163
person 0.0142 268 148 275 156
person 0.0116 168 148 176 158
handbag 0.0187 66 147 75 165
handbag 0.0169 47 151 54 161
handbag 0.0167 95 149 101 167
handbag 0.0107 78 147 85 166
umbrella 0.0109 175 146 183 152
backpack 0.3992 81 143 89 155
backpack 0.0913 23 146 29 159
backpack 0.0792 132 147 139 161
backpack 0.0783 27 146 35 160
backpack 0.0496 38 146 44 161
backpack 0.0164 30 142 37 156
car 0.9617 185 143 254 199
fire hydrant 0.1532 96 154 103 173
bicycle 0.9179 340 151 352 165
bicycle 0.8949 322 150 333 162
bicycle 0.8729 349 151 360 165
bicycle 0.8570 131 160 140 178
bicycle 0.8035 376 151 389 164
bicycle 0.7702 276 156 286 173
bicycle 0.7606 331 151 342 164
bicycle 0.7216 371 151 379 164
bicycle 0.7013 404 149 417 158
bicycle 0.6869 395 150 409 158
bicycle 0.5734 386 151 396 163
bicycle 0.3981 134 159 142 177
bicycle 0.2495 378 147 390 160
bicycle 0.2411 357 151 368 164
bicycle 0.2146 287 149 295 164
bicycle 0.1766 316 152 322 161
bicycle 0.1656 293 150 298 164
bicycle 0.0817 46 146 52 159
bicycle 0.0732 98 156 106 171
bicycle 0.0716 412 149 419 156
bicycle 0.0690 372 148 380 159
bicycle 0.0638 403 152 414 159
bicycle 0.0343 317 149 323 159
bicycle 0.0248 350 149 361 158
bicycle 0.0168 166 153 179 162
bicycle 0.0147 181 151 189 162
bicycle 0.0147 286 157 294 168
bicycle 0.0145 171 157 185 166
bicycle 0.0130 250 150 257 162
bicycle 0.0126 371 155 377 166
bicycle 0.0105 294 156 300 167
stop sign 0.5804 331 132 337 141
