person 0.9946 431 128 468 236
person 0.9573 310 144 321 171
person 0.7832 319 143 329 170
person 0.7289 76 144 86 160
person 0.4240 340 145 350 171
person 0.1268 77 141 89 162
person 0.0122 321 146 329 162
handbag 0.0180 77 151 84 161
car 0.9993 0 144 98 210
car 0.9898 374 147 434 174
car 0.6646 468 155 480 169
car 0.6426 417 148 439 157
car 0.3447 472 151 480 167
car 0.2334 426 149 445 158
car 0.2024 170 149 183 155
car 0.0926 461 153 479 172
car 0.0476 0 142 10 172
car 0.0235 0 143 6 163
car 0.0181 415 148 440 165
car 0.0146 475 149 480 158
car 0.0133 440 147 448 158
car 0.0104 10 143 84 185
