person 0.9501 199 138 218 187
person 0.5353 188 139 203 186
person 0.2610 184 138 197 181
person 0.1002 149 135 156 150
person 0.0364 354 151 359 163
person 0.0230 148 141 157 154
person 0.0174 9 132 17 152
person 0.0146 440 152 449 166
person 0.0145 209 141 219 178
handbag 0.0179 192 162 202 173
backpack 0.2341 213 148 220 160
backpack 0.1782 204 150 213 164
backpack 0.1166 213 150 219 163
car 0.9997 389 150 433 173
car 0.7620 469 156 480 169
car 0.7444 282 150 294 157
car 0.1719 459 156 478 169
car 0.1169 62 142 77 150
car 0.1011 275 150 291 157
car 0.0771 53 142 68 150
car 0.0517 263 150 279 158
car 0.0116 290 151 304 157
fire hydrant 0.0210 459 165 465 178
fire hydrant 0.0188 459 162 467 174
fire hydrant 0.0138 265 157 272 165
bicycle 0.9506 184 159 228 185
bicycle 0.7074 434 157 444 168
bicycle 0.5708 133 146 151 158
bicycle 0.5218 253 151 272 162
bicycle 0.4909 144 146 159 158
bicycle 0.4739 97 145 115 157
bicycle 0.3184 105 145 123 157
bicycle 0.2657 89 145 105 157
bicycle 0.2592 153 147 167 159
bicycle 0.2535 244 151 264 161
bicycle 0.2523 72 145 86 157
bicycle 0.2397 262 152 277 162
bicycle 0.2351 80 144 94 157
bicycle 0.2330 126 146 143 157
bicycle 0.1606 203 153 224 182
bicycle 0.1596 439 156 450 169
bicycle 0.1565 116 146 131 157
bicycle 0.0462 163 148 176 159
bicycle 0.0323 88 144 122 158
bicycle 0.0183 117 143 132 153
bicycle 0.0181 187 155 209 181
bicycle 0.0140 240 149 252 158
bicycle 0.0130 157 150 167 161
bicycle 0.0112 442 160 452 174
bicycle 0.0110 271 152 288 160
stop sign 0.3610 372 139 378 147
traffic light 0.8715 41 72 53 112
truck 0.3780 436 129 478 171
