person 0.1548 245 148 256 159
car 0.9935 319 152 342 165
car 0.9768 80 148 95 156
car 0.9343 56 148 78 156
car 0.9024 95 147 122 158
car 0.8269 339 151 352 164
car 0.7998 0 147 7 154
car 0.7845 35 148 49 154
car 0.6358 25 147 38 154
car 0.6217 42 149 52 154
car 0.5333 14 147 31 155
car 0.5001 54 148 68 155
car 0.4649 6 147 21 154
car 0.0653 70 148 82 155
car 0.0331 34 147 47 153
car 0.0229 364 152 382 161
car 0.0130 355 152 376 162
car 0.0128 345 152 359 162
car 0.0121 125 149 140 158
bicycle 0.9976 404 161 458 204
bicycle 0.9973 371 160 419 195
bicycle 0.9916 437 166 478 210
bicycle 0.7999 243 155 258 167
bicycle 0.2470 393 155 439 195
bicycle 0.1416 439 147 458 158
bicycle 0.1345 241 152 254 165
bicycle 0.0804 448 147 461 159
bicycle 0.0680 472 157 480 221
bicycle 0.0216 431 146 444 158
bicycle 0.0109 428 150 477 198
bicycle 0.0105 403 167 435 200
stop sign 0.0141 215 137 222 145
