person 0.9097 187 146 201 168
person 0.4059 190 147 200 161
person 0.3233 85 144 91 158
person 0.0337 425 148 433 160
person 0.0261 399 146 404 157
person 0.0241 418 147 425 160
person 0.0226 90 145 97 153
person 0.0217 431 148 439 160
person 0.0117 367 151 376 163
person 0.0103 410 147 415 158
car 0.9986 322 150 348 167
car 0.9766 344 149 365 166
car 0.9514 21 144 40 154
car 0.7519 0 144 13 155
car 0.5367 46 145 56 156
car 0.4460 58 145 80 157
car 0.2920 3 145 18 156
car 0.2308 66 146 87 156
car 0.1458 16 145 33 154
car 0.1401 51 145 68 156
car 0.0583 34 146 49 155
car 0.0296 341 150 354 165
car 0.0290 356 151 367 165
car 0.0160 89 146 99 156
fire hydrant 0.1469 81 167 86 180
bicycle 0.7616 185 156 204 169
bicycle 0.1254 459 151 472 165
bicycle 0.0139 471 149 479 166
bicycle 0.0132 452 151 464 164
traffic light 0.0170 177 130 183 144
