person 0.9869 290 146 298 167
person 0.0137 290 146 297 155
car 0.9979 169 149 188 158
car 0.9977 363 145 397 160
car 0.9972 312 144 380 172
car 0.9904 301 147 320 163
car 0.9803 400 146 438 157
car 0.9787 462 144 480 154
car 0.9746 211 149 222 155
car 0.9246 446 145 458 153
car 0.9039 431 145 447 154
car 0.8906 388 147 404 153
car 0.7018 193 148 203 155
car 0.4128 199 149 207 154
car 0.1860 470 144 480 151
car 0.1489 190 149 198 156
car 0.0771 329 142 364 176
car 0.0535 440 145 451 154
car 0.0340 211 149 216 156
car 0.0315 429 144 440 151
car 0.0178 390 148 425 159
car 0.0142 461 145 471 152
car 0.0122 218 148 224 154
car 0.0121 301 147 312 155
bicycle 0.9901 374 160 397 199
bicycle 0.9898 386 157 412 204
bicycle 0.9835 449 160 476 229
bicycle 0.9816 426 154 449 221
bicycle 0.9815 393 156 421 206
bicycle 0.9805 460 167 479 235
bicycle 0.9790 414 155 434 216
bicycle 0.9682 363 161 383 198
bicycle 0.9618 431 155 464 221
bicycle 0.0364 434 154 464 177
bicycle 0.0218 462 154 480 175
bicycle 0.0158 444 153 479 177
bicycle 0.0119 473 152 479 185
