person 0.8765 158 147 164 168
person 0.0422 145 149 155 159
person 0.0340 475 154 480 192
person 0.0152 140 146 148 161
car 0.9969 303 151 369 178
car 0.9956 294 149 343 174
car 0.9806 281 150 317 169
car 0.0158 275 154 291 165
car 0.0112 123 150 131 156
car 0.0110 279 152 300 165
bicycle 0.9784 357 161 408 193
bicycle 0.5137 142 156 155 167
bicycle 0.2932 352 164 376 192
bicycle 0.2254 156 156 162 167
bicycle 0.0774 141 151 150 167
bicycle 0.0160 375 165 419 192
bicycle 0.0144 476 160 480 187
truck 0.9515 272 135 309 160
truck 0.9488 349 125 480 181
truck 0.0148 281 137 332 158
