person 0.9991 91 157 100 186
person 0.9985 103 157 112 187
person 0.9972 312 160 322 189
person 0.9966 330 160 340 189
person 0.9962 32 147 47 190
person 0.9936 360 154 386 221
person 0.9877 300 169 307 188
person 0.9842 146 166 153 191
person 0.9811 112 160 120 188
person 0.9622 175 174 181 191
person 0.8040 159 170 165 189
person 0.7509 187 175 193 189
person 0.5359 149 167 157 190
person 0.4218 132 168 138 188
person 0.3303 195 175 200 190
person 0.2344 140 169 146 189
person 0.0986 99 159 106 187
person 0.0581 186 174 190 186
person 0.0471 259 172 264 185
person 0.0435 160 170 169 189
person 0.0315 127 171 131 185
person 0.0255 321 162 329 189
person 0.0244 197 175 202 184
person 0.0157 118 158 126 187
person 0.0148 254 171 258 186
person 0.0105 154 175 159 189
handbag 0.0219 334 174 340 183
car 0.7840 197 158 254 205
