person 0.9986 123 143 131 172
person 0.9966 105 144 114 170
person 0.9946 137 142 145 172
person 0.9869 114 143 121 171
person 0.9827 268 148 277 166
person 0.9798 307 148 314 174
person 0.9642 165 144 172 166
person 0.9348 299 149 305 173
person 0.9247 131 144 137 171
person 0.9123 176 145 181 158
person 0.9113 144 143 150 165
person 0.8702 313 146 319 168
person 0.8407 196 149 200 160
person 0.7051 302 148 309 174
person 0.5413 183 145 187 159
person 0.2709 188 148 193 160
person 0.2389 184 146 189 160
person 0.1595 162 143 169 160
person 0.1371 308 150 313 164
person 0.0938 310 149 315 160
person 0.0587 214 153 221 160
person 0.0510 145 147 150 161
person 0.0438 299 149 304 159
person 0.0320 118 144 124 172
person 0.0315 310 147 317 163
person 0.0260 202 148 206 160
person 0.0255 302 149 308 159
person 0.0203 210 154 215 160
person 0.0201 305 153 309 168
person 0.0190 159 143 164 158
person 0.0183 196 143 201 159
person 0.0155 267 149 273 161
person 0.0140 39 151 45 160
person 0.0128 276 152 280 161
person 0.0123 145 152 150 163
person 0.0106 132 150 136 164
umbrella 0.9848 301 145 313 149
umbrella 0.0222 300 147 311 151
car 0.5844 217 147 272 193
fire hydrant 0.9882 448 167 455 189
fire hydrant 0.8612 457 166 467 190
fire hydrant 0.0296 453 167 464 190
bicycle 0.9984 3 159 31 186
bicycle 0.9968 0 160 20 189
bicycle 0.9923 51 158 70 179
bicycle 0.9899 67 155 88 175
bicycle 0.9831 17 158 41 184
bicycle 0.9703 46 158 62 180
bicycle 0.9161 31 158 49 180
bicycle 0.2421 38 158 56 180
bicycle 0.2394 57 155 76 178
bicycle 0.0225 0 162 8 188
bicycle 0.0221 53 154 90 178
