person 0.9477 259 151 266 164
car 0.8544 272 152 290 161
car 0.2018 279 152 300 160
car 0.1461 291 152 306 161
car 0.0224 270 153 281 161
car 0.0204 299 153 317 163
car 0.0154 298 150 336 164
bicycle 0.9920 329 157 376 188
bicycle 0.3485 259 158 266 164
stop sign 0.5501 125 84 137 98
stop sign 0.4756 117 85 131 98
stop sign 0.0949 99 83 112 98
stop sign 0.0200 121 80 139 99
stop sign 0.0157 152 126 170 136
truck 0.7762 235 151 250 162
truck 0.0336 233 153 243 160
truck 0.0199 250 153 259 161
truck 0.0179 290 137 343 160
