person 0.9977 372 132 401 216
person 0.9726 466 131 480 204
person 0.8529 180 146 185 161
person 0.8474 103 147 111 166
person 0.8330 156 147 161 157
person 0.4561 274 149 282 159
person 0.3746 184 148 190 159
person 0.3633 271 148 279 159
person 0.2133 94 148 103 166
person 0.0214 152 148 158 158
person 0.0185 196 149 203 158
person 0.0184 471 128 479 191
person 0.0112 180 146 185 152
backpack 0.0192 382 147 399 179
car 0.9693 201 142 258 186
car 0.3659 255 150 265 159
bicycle 0.4793 273 151 283 162
bicycle 0.4230 320 153 331 169
bicycle 0.2262 180 149 185 165
bicycle 0.2166 270 152 280 161
bicycle 0.0799 255 150 266 161
bicycle 0.0732 311 150 330 168
bicycle 0.0464 276 155 283 168
bicycle 0.0443 183 151 189 161
bicycle 0.0406 180 156 185 168
stop sign 0.0531 344 122 351 142
stop sign 0.0124 345 137 351 149
stop sign 0.0107 415 125 422 141
