person 0.9339 33 144 44 171
person 0.7895 292 149 301 167
person 0.7814 30 143 39 172
person 0.7381 248 148 254 160
person 0.7176 251 150 257 162
person 0.6547 244 148 249 159
person 0.5539 258 151 264 162
person 0.3768 69 145 79 170
person 0.2266 66 149 77 167
person 0.1232 275 150 280 163
person 0.1221 267 150 277 162
person 0.0995 30 145 36 163
person 0.0941 71 145 78 163
person 0.0503 35 146 44 162
person 0.0326 422 151 428 167
person 0.0240 418 148 427 160
person 0.0227 180 148 185 160
person 0.0193 155 151 160 162
person 0.0173 182 148 190 159
person 0.0172 150 152 156 162
person 0.0169 44 151 52 165
car 0.9911 179 144 251 201
fire hydrant 0.2352 401 157 407 166
bicycle 0.8467 412 155 428 168
bicycle 0.6336 292 157 303 168
bicycle 0.4614 65 155 77 170
bicycle 0.3867 33 160 48 176
bicycle 0.0676 401 156 418 167
bicycle 0.0546 420 156 430 167
bicycle 0.0424 34 154 45 172
bicycle 0.0230 401 154 408 165
bicycle 0.0217 180 153 185 161
bicycle 0.0146 400 150 423 167
bicycle 0.0124 69 162 79 170
bicycle 0.0120 44 157 53 169
stop sign 0.1642 265 138 272 148
stop sign 0.0459 100 125 107 140
stop sign 0.0302 390 137 396 149
stop sign 0.0244 266 141 273 151
stop sign 0.0216 261 138 268 147
stop sign 0.0109 56 125 63 141
