person 0.9768 364 145 380 188
person 0.0308 374 153 388 185
handbag 0.7429 378 167 386 178
handbag 0.0484 368 160 379 176
handbag 0.0340 372 167 378 179
handbag 0.0333 372 175 376 182
backpack 0.0102 367 156 378 171
car 0.9944 252 154 272 171
car 0.9889 196 150 260 206
fire hydrant 0.9607 86 167 91 180
fire hydrant 0.1613 79 168 84 179
fire hydrant 0.0640 130 164 134 173
fire hydrant 0.0220 103 164 108 173
fire hydrant 0.0196 128 168 135 177
fire hydrant 0.0109 319 169 324 180
bicycle 0.9779 458 161 480 197
bicycle 0.0349 467 154 479 196
bicycle 0.0115 197 159 202 166
stop sign 0.7142 68 134 73 142
stop sign 0.0469 82 139 88 146
stop sign 0.0294 69 129 74 137
stop sign 0.0220 75 140 82 146
stop sign 0.0192 69 124 75 131
stop sign 0.0133 72 134 80 142
stop sign 0.0132 1 129 6 137
stop sign 0.0127 57 136 63 142
stop sign 0.0120 77 143 84 151
stop sign 0.0102 82 135 89 142
traffic light 0.9882 279 44 291 69
traffic light 0.9738 230 45 241 68
