person 0.9952 285 144 297 179
person 0.9935 125 146 136 178
person 0.9879 63 143 74 180
person 0.9800 37 142 48 176
person 0.9550 90 149 101 190
person 0.9546 10 141 22 183
person 0.9544 49 146 59 178
person 0.9439 82 154 93 189
person 0.9261 247 145 255 162
person 0.9183 137 146 148 178
person 0.8922 261 146 268 161
person 0.7454 158 146 166 161
person 0.5800 165 147 170 160
person 0.4354 150 147 157 160
person 0.2485 193 148 198 159
person 0.1500 76 147 84 180
person 0.1319 140 145 146 161
person 0.0760 177 149 182 159
person 0.0616 149 150 156 163
person 0.0565 267 147 272 160
person 0.0497 114 143 120 163
person 0.0299 185 149 192 158
person 0.0294 192 152 197 160
person 0.0251 166 152 172 160
person 0.0181 138 149 147 166
person 0.0171 83 152 89 166
person 0.0153 238 148 248 166
person 0.0152 98 148 106 189
person 0.0149 80 147 89 182
person 0.0143 77 151 83 166
person 0.0136 82 155 88 172
person 0.0115 122 144 131 174
handbag 0.1063 79 159 84 174
handbag 0.0406 48 153 59 171
handbag 0.0347 82 159 90 179
handbag 0.0203 286 152 296 171
handbag 0.0121 93 159 102 177
umbrella 0.9370 79 142 99 152
umbrella 0.0387 78 140 109 154
umbrella 0.0136 194 146 199 152
backpack 0.1967 286 149 295 166
backpack 0.1085 285 148 293 160
backpack 0.0104 39 147 47 160
car 0.9892 193 148 244 188
car 0.9738 227 145 248 168
car 0.0180 239 146 249 160
bicycle 0.2105 0 155 10 172
bicycle 0.1390 261 151 269 162
bicycle 0.0764 139 160 150 176
bicycle 0.0397 25 156 33 170
bicycle 0.0291 137 153 151 179
bicycle 0.0217 0 141 9 176
bicycle 0.0169 126 158 136 176
bicycle 0.0136 146 156 154 168
bicycle 0.0121 122 161 129 173
bicycle 0.0114 144 161 152 174
bicycle 0.0105 185 153 194 159
stop sign 0.2790 0 98 5 116
stop sign 0.0364 160 139 165 146
