person 0.0202 191 150 196 159
car 0.9971 326 145 393 220
car 0.9899 271 152 302 176
car 0.9890 390 121 477 268
car 0.9882 262 151 276 169
car 0.9160 188 146 247 195
car 0.8349 253 152 259 164
car 0.7161 257 151 268 165
car 0.5899 244 152 250 158
car 0.1409 268 153 280 174
car 0.0571 244 152 251 161
car 0.0238 263 153 272 167
car 0.0115 241 153 248 160
fire hydrant 0.9928 86 165 93 179
bicycle 0.9965 292 160 307 178
bicycle 0.1467 292 163 300 178
bicycle 0.1230 276 154 306 174
traffic light 0.9917 235 133 239 139
traffic light 0.8884 245 134 248 139
traffic light 0.8440 226 127 229 134
traffic light 0.1837 225 127 228 134
traffic light 0.0587 241 134 245 139
traffic light 0.0191 236 131 239 138
