person 0.9992 338 144 346 177
person 0.9972 320 147 330 181
person 0.9967 347 143 355 178
person 0.9963 56 136 70 185
person 0.9953 115 146 125 176
person 0.9952 125 141 131 162
person 0.9952 40 141 53 186
person 0.9924 270 147 280 170
person 0.9889 142 141 150 162
person 0.9831 357 142 366 179
person 0.9720 0 139 8 190
person 0.9686 133 143 139 162
person 0.9460 161 146 168 163
person 0.9262 101 141 112 183
person 0.9190 334 146 341 176
person 0.9024 153 145 160 162
person 0.7346 182 151 187 164
person 0.6567 51 142 58 188
person 0.5520 342 141 354 178
person 0.5262 169 145 175 163
person 0.1493 319 142 328 167
person 0.1334 360 140 372 178
person 0.1210 106 145 113 170
person 0.0597 355 144 361 179
person 0.0565 330 146 335 177
person 0.0535 101 145 108 168
person 0.0517 144 145 149 161
person 0.0293 197 152 202 165
person 0.0265 53 142 62 186
person 0.0203 328 145 334 166
person 0.0198 141 142 147 161
person 0.0135 112 143 123 185
handbag 0.0185 100 160 105 168
handbag 0.0185 357 153 360 162
handbag 0.0182 100 157 106 165
umbrella 0.9986 322 140 340 146
backpack 0.7997 100 149 104 160
backpack 0.0282 320 145 327 154
backpack 0.0136 40 147 51 168
car 0.9004 197 144 256 193
