person 0.6137 464 146 470 165
backpack 0.6422 462 147 470 162
car 0.9981 220 150 244 167
car 0.9844 176 144 194 164
car 0.8367 44 148 57 157
car 0.8027 213 150 224 162
car 0.7841 10 140 51 158
car 0.5148 217 149 232 164
car 0.2991 6 144 16 155
car 0.0649 255 151 272 156
car 0.0154 238 150 249 159
car 0.0145 262 151 278 156
bicycle 0.1738 243 152 251 161
bicycle 0.0842 246 153 255 163
stop sign 0.2460 430 135 438 147
stop sign 0.1734 427 133 436 144
stop sign 0.0268 412 143 420 153
