person 0.9413 258 142 269 171
person 0.6071 221 147 225 157
person 0.4577 246 146 262 170
person 0.4123 110 143 117 153
person 0.1628 261 145 269 162
person 0.1420 247 146 257 160
person 0.1015 99 143 106 151
person 0.0859 264 142 272 171
person 0.0570 265 145 271 161
person 0.0477 221 144 227 154
person 0.0472 247 150 258 165
person 0.0299 229 143 234 152
person 0.0299 414 152 424 166
person 0.0246 342 148 347 157
person 0.0183 293 148 301 158
person 0.0106 401 151 415 172
car 0.9848 390 150 413 167
car 0.9179 455 153 477 164
car 0.5667 472 152 480 163
car 0.3794 418 148 458 166
car 0.3189 277 148 300 157
car 0.2583 94 143 103 150
car 0.2034 447 153 465 164
car 0.1491 76 143 100 150
car 0.0736 437 152 458 164
car 0.0669 73 142 81 151
car 0.0341 208 146 220 152
car 0.0315 401 151 415 167
car 0.0273 388 152 399 165
car 0.0210 156 141 166 147
car 0.0115 138 141 148 147
car 0.0105 146 141 157 147
bicycle 0.8820 243 153 268 172
bicycle 0.6880 154 143 167 153
bicycle 0.6251 202 148 216 159
bicycle 0.6174 163 144 175 154
bicycle 0.5469 206 147 220 157
bicycle 0.5205 137 142 148 154
bicycle 0.4588 124 143 138 154
bicycle 0.4173 145 143 158 153
bicycle 0.2704 122 143 132 154
bicycle 0.1612 157 146 167 155
bicycle 0.1288 194 148 204 159
bicycle 0.0977 197 150 215 161
bicycle 0.0609 251 156 270 171
bicycle 0.0570 174 146 181 156
bicycle 0.0401 111 147 117 154
bicycle 0.0378 123 146 131 155
bicycle 0.0370 147 146 156 155
bicycle 0.0183 182 147 195 157
stop sign 0.0156 352 140 358 145
traffic light 0.3822 122 107 129 125
truck 0.6299 407 141 450 165
truck 0.1106 396 150 444 166
truck 0.0135 408 149 430 166
