person 0.9819 310 145 319 169
person 0.9796 343 147 355 182
person 0.9701 276 147 287 176
person 0.6010 242 149 248 156
person 0.4287 263 150 269 162
person 0.2427 267 150 273 163
person 0.2008 266 150 273 158
person 0.1819 308 147 315 167
person 0.0600 249 151 255 160
person 0.0459 129 146 134 159
person 0.0435 157 147 163 161
person 0.0381 174 148 180 158
person 0.0147 164 149 175 158
handbag 0.0541 277 152 287 172
backpack 0.4242 277 149 286 165
backpack 0.4167 311 148 318 160
backpack 0.0547 308 149 314 159
car 0.9987 222 147 239 166
car 0.9905 175 144 227 185
car 0.6394 248 150 255 157
car 0.4045 261 150 268 158
car 0.0365 219 147 233 161
fire hydrant 0.0964 160 153 165 162
fire hydrant 0.0635 163 152 171 162
fire hydrant 0.0176 254 160 260 174
bicycle 0.6892 275 161 285 178
bicycle 0.5936 346 161 366 183
bicycle 0.2121 353 156 369 182
