person 0.9978 351 139 361 176
person 0.9968 84 140 105 196
person 0.9964 327 139 340 177
person 0.9864 363 135 377 180
person 0.9687 186 147 193 161
person 0.9666 9 143 19 184
person 0.9491 163 147 171 167
person 0.8490 280 146 285 160
person 0.8347 155 147 161 166
person 0.8313 196 148 202 158
person 0.8161 17 135 30 190
person 0.6971 0 147 8 181
person 0.3694 215 146 267 191
person 0.3265 176 148 182 159
person 0.2599 151 148 159 167
person 0.0507 196 147 202 152
person 0.0448 137 148 145 167
person 0.0446 23 138 35 187
person 0.0429 0 149 5 166
person 0.0284 285 148 291 159
person 0.0264 361 137 371 172
person 0.0263 201 149 208 156
person 0.0197 48 143 66 175
person 0.0184 82 147 96 198
handbag 0.0482 328 163 333 175
handbag 0.0362 362 156 371 169
handbag 0.0276 11 159 19 175
handbag 0.0273 18 162 26 174
handbag 0.0254 10 152 18 174
handbag 0.0182 19 165 28 181
handbag 0.0110 0 157 8 179
handbag 0.0100 13 166 19 179
umbrella 0.9677 0 137 16 149
umbrella 0.3010 0 142 14 150
umbrella 0.0657 0 149 6 158
umbrella 0.0287 280 146 286 152
backpack 0.0447 153 149 162 159
backpack 0.0314 353 145 360 161
backpack 0.0104 11 149 18 169
car 0.7611 210 145 265 184
car 0.0147 211 146 244 168
bicycle 0.6779 82 166 105 202
bicycle 0.4797 185 151 192 161
bicycle 0.0431 155 158 165 168
bicycle 0.0259 163 158 170 167
bicycle 0.0226 177 152 183 160
bicycle 0.0112 194 152 200 159
stop sign 0.0737 84 124 93 141
stop sign 0.0364 89 125 98 141
stop sign 0.0281 34 105 52 137
