person 0.9993 328 138 339 181
person 0.9965 347 137 375 208
person 0.9933 108 143 122 181
person 0.9638 314 140 329 194
person 0.9587 342 140 350 179
person 0.4963 248 149 254 158
person 0.2213 259 148 265 158
person 0.0903 185 150 190 159
person 0.0705 177 150 182 162
person 0.0333 319 145 329 174
person 0.0159 372 139 378 154
person 0.0139 262 144 268 153
handbag 0.0145 341 153 351 172
backpack 0.7339 320 150 328 168
backpack 0.0798 315 154 327 169
backpack 0.0623 330 147 339 169
backpack 0.0355 343 144 350 163
car 0.9296 186 146 248 193
car 0.7957 223 145 248 174
car 0.7804 206 144 247 180
car 0.0538 236 147 249 176
car 0.0199 243 149 250 159
fire hydrant 0.0121 466 176 471 194
fire hydrant 0.0110 159 161 165 172
bicycle 0.9969 405 161 454 204
bicycle 0.9945 347 168 375 218
bicycle 0.9868 108 161 122 185
bicycle 0.8737 422 161 473 203
bicycle 0.7898 385 160 421 199
bicycle 0.2155 392 155 438 195
bicycle 0.0511 176 157 184 169
bicycle 0.0160 425 167 449 200
stop sign 0.0169 298 135 305 149
