person 0.9980 49 138 67 195
person 0.9969 72 139 85 175
person 0.9959 30 141 45 194
person 0.9876 318 136 335 191
person 0.9775 149 142 157 162
person 0.9671 136 144 143 162
person 0.7328 267 143 275 163
person 0.5411 123 144 130 160
person 0.4314 255 144 263 162
person 0.3149 249 145 257 160
person 0.1640 248 142 254 154
person 0.1636 129 145 136 161
person 0.1259 156 144 162 161
person 0.0844 124 144 129 153
person 0.0167 202 145 208 152
person 0.0157 113 147 122 159
person 0.0151 316 139 327 189
person 0.0145 201 147 208 156
handbag 0.0218 65 157 71 167
handbag 0.0141 74 147 85 166
backpack 0.2259 73 146 83 160
backpack 0.2011 319 145 334 173
backpack 0.1274 322 149 334 165
backpack 0.0299 150 143 158 155
backpack 0.0200 319 148 324 158
car 0.9946 201 142 253 186
car 0.9822 171 144 203 171
bicycle 0.3079 254 151 265 164
bicycle 0.0711 251 151 261 163
bicycle 0.0420 119 152 129 162
bicycle 0.0396 111 154 122 161
bicycle 0.0378 150 150 157 162
bicycle 0.0358 157 152 164 161
bicycle 0.0265 136 150 143 163
bicycle 0.0181 266 149 275 165
bicycle 0.0144 287 147 295 155
bicycle 0.0111 165 150 173 163
bicycle 0.0107 128 152 135 163
stop sign 0.0142 123 141 129 146
stop sign 0.0135 150 140 157 147
