person 0.9932 340 135 363 198
person 0.9859 18 134 30 179
person 0.9772 0 132 17 206
person 0.9449 47 136 59 178
person 0.9266 141 143 151 172
person 0.7816 286 141 296 172
person 0.7155 274 142 282 170
person 0.6311 308 143 314 163
person 0.6175 460 144 467 160
person 0.5865 296 145 303 161
person 0.5580 34 132 45 174
person 0.2709 285 144 295 161
person 0.2578 0 133 9 212
person 0.2271 407 143 414 152
person 0.1981 295 142 304 167
person 0.1666 266 145 272 159
person 0.1559 414 144 420 152
person 0.1343 25 134 38 179
person 0.0959 145 144 151 162
person 0.0950 142 145 149 162
person 0.0950 313 146 320 161
person 0.0734 414 146 423 159
person 0.0623 10 134 19 181
person 0.0508 405 146 414 159
person 0.0456 155 147 162 158
person 0.0368 29 140 37 155
person 0.0335 14 137 19 158
person 0.0323 183 147 190 157
person 0.0304 178 149 185 159
person 0.0280 275 143 281 156
person 0.0248 268 144 279 169
person 0.0187 184 144 190 154
person 0.0185 45 138 56 161
person 0.0150 452 143 462 154
person 0.0149 164 149 172 159
person 0.0135 95 144 101 161
person 0.0130 12 136 18 150
person 0.0128 327 142 332 153
person 0.0126 0 132 12 176
person 0.0123 20 137 28 162
person 0.0101 459 140 470 163
handbag 0.0196 48 147 58 166
handbag 0.0134 12 155 19 170
handbag 0.0100 36 143 46 161
backpack 0.3887 47 144 57 160
backpack 0.1933 46 141 55 157
backpack 0.1068 35 138 44 157
backpack 0.0432 21 139 28 156
backpack 0.0322 308 146 315 153
backpack 0.0200 20 143 29 162
backpack 0.0160 53 144 59 161
car 0.9933 176 140 268 209
car 0.3487 256 147 267 158
car 0.2772 253 147 260 156
car 0.0968 260 146 269 153
car 0.0300 257 150 268 162
car 0.0189 252 146 259 153
bicycle 0.8912 330 150 340 164
bicycle 0.8399 0 167 25 213
bicycle 0.8102 414 151 425 166
bicycle 0.7974 367 151 380 167
bicycle 0.7412 313 152 321 164
bicycle 0.6970 441 147 453 159
bicycle 0.6912 397 151 407 167
bicycle 0.6773 422 151 434 165
bicycle 0.6606 378 151 388 167
bicycle 0.6084 387 151 397 167
bicycle 0.6071 405 151 416 166
bicycle 0.5930 286 158 297 175
bicycle 0.5379 432 148 444 159
bicycle 0.4056 450 147 461 159
bicycle 0.4009 326 150 334 164
bicycle 0.3518 140 155 150 172
bicycle 0.1419 459 152 468 160
bicycle 0.1280 441 151 451 160
bicycle 0.0984 274 156 285 171
bicycle 0.0862 293 156 303 170
bicycle 0.0634 423 148 435 159
bicycle 0.0510 -1 171 8 216
bicycle 0.0344 178 152 184 161
bicycle 0.0328 363 150 369 165
bicycle 0.0319 469 147 478 159
bicycle 0.0297 362 153 370 170
bicycle 0.0268 143 160 153 173
bicycle 0.0226 437 145 456 161
bicycle 0.0206 442 145 452 153
bicycle 0.0147 306 156 314 167
stop sign 0.9771 363 127 371 136
stop sign 0.0771 316 127 322 139
