person 0.9693 291 151 297 170
person 0.9650 314 153 323 175
person 0.9254 266 156 271 173
person 0.8303 255 156 260 168
person 0.5514 326 157 335 174
person 0.4618 257 156 262 167
person 0.3726 319 153 327 175
person 0.1100 272 155 278 166
person 0.0339 321 158 331 178
person 0.0261 276 156 281 167
person 0.0209 247 156 251 164
person 0.0148 315 157 322 170
person 0.0121 320 157 326 171
backpack 0.0399 292 153 297 164
car 0.9940 220 152 236 175
car 0.9935 173 149 229 196
car 0.2347 270 156 280 160
car 0.0409 246 156 252 161
car 0.0358 260 156 266 160
car 0.0344 212 151 237 180
car 0.0269 251 156 260 161
car 0.0251 266 156 272 160
car 0.0128 275 155 283 160
fire hydrant 0.3540 169 161 173 166
fire hydrant 0.1177 168 161 171 166
fire hydrant 0.0753 148 161 151 167
fire hydrant 0.0522 158 161 161 167
bicycle 0.9946 302 165 322 181
bicycle 0.5703 326 159 336 176
bicycle 0.0992 320 163 332 180
bicycle 0.0723 308 167 326 181
bicycle 0.0550 0 156 8 173
bicycle 0.0232 0 157 14 172
bicycle 0.0106 327 165 335 177
