person 0.9980 301 142 316 182
person 0.9933 0 125 12 171
person 0.9911 87 136 99 168
person 0.9797 15 129 27 173
person 0.9578 23 129 35 174
person 0.9111 165 153 173 171
person 0.8450 122 146 129 168
person 0.7915 133 146 140 169
person 0.7418 158 153 165 171
person 0.6349 138 146 145 169
person 0.5494 177 156 184 171
person 0.5292 9 130 20 173
person 0.4920 287 154 294 170
person 0.3722 192 145 255 188
person 0.3572 182 158 188 171
person 0.0363 114 148 120 166
person 0.0312 146 149 152 169
person 0.0254 89 140 98 157
person 0.0139 104 148 110 166
person 0.0117 101 138 110 168
handbag 0.0506 13 140 19 154
handbag 0.0294 10 143 18 161
car 0.7164 190 138 250 189
bicycle 0.0230 168 162 174 171
bicycle 0.0171 140 156 147 169
