person 0.9985 459 138 467 169
person 0.9967 440 139 448 170
person 0.9943 172 145 181 168
person 0.9924 447 138 455 170
person 0.9923 472 137 480 170
person 0.9876 214 149 221 168
person 0.9579 354 149 358 157
person 0.9515 324 148 328 160
person 0.9463 232 149 238 157
person 0.9219 317 147 320 155
person 0.7931 313 147 316 156
person 0.5691 327 148 331 160
person 0.4212 350 149 353 158
person 0.3422 317 148 321 158
person 0.0397 324 147 328 153
person 0.0320 327 147 333 153
person 0.0197 318 146 322 150
person 0.0102 314 146 321 168
umbrella 0.9918 353 146 359 149
umbrella 0.8982 324 146 330 149
umbrella 0.2667 266 147 273 150
umbrella 0.1840 264 147 271 151
umbrella 0.0674 354 147 360 152
umbrella 0.0432 259 148 268 152
umbrella 0.0264 267 146 276 149
umbrella 0.0134 261 146 266 150
car 0.9915 397 143 421 160
car 0.9808 258 147 319 195
car 0.9520 379 147 397 159
car 0.5845 253 151 260 157
car 0.3097 255 149 269 160
car 0.0189 380 147 387 160
bicycle 0.7574 220 156 230 164
bicycle 0.4225 231 154 244 163
bicycle 0.2313 223 155 235 163
bicycle 0.1217 235 155 246 164
bicycle 0.0148 225 155 247 165
