person 0.9929 184 141 199 184
person 0.9796 146 141 164 183
person 0.8206 433 132 442 149
person 0.2696 278 142 287 173
person 0.0247 190 141 203 178
person 0.0128 268 143 275 162
person 0.0115 178 141 188 178
car 0.9975 417 130 483 176
car 0.9772 440 159 478 247
fire hydrant 0.3391 280 157 286 171
bicycle 0.9883 147 163 161 193
bicycle 0.9499 185 165 197 191
bicycle 0.6195 293 154 305 170
bicycle 0.1044 282 156 300 169
bicycle 0.0535 189 168 199 189
bicycle 0.0123 149 172 158 193
