person 0.9964 24 135 41 198
person 0.9763 6 130 26 205
person 0.9478 262 146 272 161
person 0.0670 444 130 468 147
person 0.0370 28 138 36 170
person 0.0109 2 134 18 210
handbag 0.6848 266 154 271 159
handbag 0.0993 32 158 38 169
handbag 0.0949 30 155 36 167
handbag 0.0231 30 153 35 164
handbag 0.0168 29 155 39 172
handbag 0.0114 26 145 33 168
handbag 0.0114 262 149 266 159
handbag 0.0112 28 145 36 169
backpack 0.0943 25 141 33 167
car 0.9951 381 146 483 261
car 0.9878 193 142 248 190
bicycle 0.0140 191 151 196 158
stop sign 0.4307 449 129 465 148
stop sign 0.0277 454 128 461 138
traffic light 0.9952 197 80 203 96
traffic light 0.9758 242 111 245 119
traffic light 0.9605 225 110 228 119
traffic light 0.9589 168 80 174 95
traffic light 0.5535 450 129 465 147
traffic light 0.1029 341 96 347 111
traffic light 0.0677 354 103 360 112
traffic light 0.0254 243 114 246 120
traffic light 0.0218 167 79 172 95
