person 0.9928 335 150 339 165
person 0.9799 157 150 162 171
person 0.9664 318 149 322 166
person 0.9649 151 150 157 171
person 0.9468 0 140 10 206
person 0.8717 173 153 178 167
person 0.8657 270 151 274 163
person 0.7971 178 154 183 167
person 0.7943 104 146 112 157
person 0.7565 297 149 301 164
person 0.6861 268 150 272 160
person 0.6571 201 147 205 156
person 0.6021 97 148 102 159
person 0.5994 331 150 334 166
person 0.5415 185 149 190 160
person 0.5131 210 147 214 156
person 0.4287 100 147 107 159
person 0.3996 232 149 236 157
person 0.3361 209 151 215 158
person 0.2566 227 150 232 156
person 0.2388 213 146 217 155
person 0.1976 328 155 331 168
person 0.1794 196 147 201 155
person 0.1476 175 151 182 167
person 0.1142 194 150 201 158
person 0.0775 220 147 224 155
person 0.0743 222 150 226 156
person 0.0217 114 147 119 160
person 0.0211 330 151 334 159
person 0.0159 157 152 163 165
person 0.0156 189 151 196 159
person 0.0134 335 151 341 160
person 0.0106 302 149 306 164
person 0.0106 184 150 191 165
umbrella 0.9964 331 147 340 150
umbrella 0.7180 269 147 274 150
umbrella 0.1716 267 148 273 151
car 0.9965 359 149 385 165
car 0.9939 418 139 467 169
car 0.9878 233 149 275 180
car 0.3633 235 150 264 171
fire hydrant 0.6635 325 158 329 170
fire hydrant 0.1124 327 158 330 168
fire hydrant 0.0150 323 155 330 172
bicycle 0.9991 84 160 113 178
bicycle 0.9989 123 159 148 172
bicycle 0.9984 94 159 124 176
bicycle 0.8561 280 156 292 164
bicycle 0.8368 193 154 201 161
bicycle 0.7553 189 154 198 161
bicycle 0.7379 277 156 286 164
bicycle 0.6841 276 155 283 163
bicycle 0.4895 210 154 214 159
bicycle 0.2981 183 156 189 164
bicycle 0.2051 139 159 154 170
bicycle 0.1229 107 158 125 174
bicycle 0.0690 213 151 218 157
bicycle 0.0617 187 156 196 163
bicycle 0.0206 178 159 184 168
bicycle 0.0149 284 155 301 165
bicycle 0.0108 289 153 298 163
