person 0.9593 114 145 122 171
person 0.9264 215 145 220 158
person 0.9081 122 146 130 170
person 0.8887 386 146 392 169
person 0.8744 29 136 42 161
person 0.8688 132 147 138 169
person 0.8397 140 147 147 168
person 0.8344 268 145 274 161
person 0.7757 226 147 231 158
person 0.7666 380 146 386 167
person 0.6979 197 142 204 155
person 0.6001 186 143 192 155
person 0.5550 201 143 208 154
person 0.5395 323 145 330 161
person 0.5298 175 147 183 159
person 0.4961 349 144 354 162
person 0.4402 196 147 202 156
person 0.4113 378 146 384 163
person 0.4085 330 145 336 160
person 0.3189 185 147 191 156
person 0.2923 173 144 181 153
person 0.2519 323 145 333 172
person 0.2258 228 146 267 178
person 0.2252 169 146 177 159
person 0.1987 170 144 176 153
person 0.1537 262 146 268 158
person 0.0942 201 148 207 155
person 0.0794 349 143 356 170
person 0.0561 200 136 208 150
person 0.0504 62 144 69 160
person 0.0393 32 139 44 157
person 0.0295 198 138 204 150
person 0.0268 323 145 330 153
person 0.0264 229 149 235 156
person 0.0251 157 149 165 159
person 0.0193 328 144 337 172
person 0.0187 264 150 269 163
person 0.0173 58 144 68 159
person 0.0172 223 146 229 153
person 0.0135 123 148 130 161
person 0.0102 346 145 352 160
umbrella 0.9792 381 140 396 145
umbrella 0.4768 266 144 274 148
umbrella 0.0870 258 145 266 149
umbrella 0.0475 266 142 274 147
car 0.9784 402 146 432 168
car 0.8765 227 148 268 178
car 0.0120 408 150 428 166
fire hydrant 0.9843 372 161 377 173
fire hydrant 0.1212 350 159 361 177
fire hydrant 0.0608 374 158 378 172
bicycle 0.9987 20 156 61 182
bicycle 0.9775 286 152 308 167
bicycle 0.9762 0 159 21 187
bicycle 0.9299 45 155 71 178
bicycle 0.9184 321 151 337 177
bicycle 0.9165 66 154 93 176
bicycle 0.7216 156 152 168 163
bicycle 0.6791 163 152 177 162
bicycle 0.4820 0 162 12 191
bicycle 0.4184 172 152 183 161
bicycle 0.4124 58 157 80 176
bicycle 0.2985 36 150 67 180
bicycle 0.2144 11 156 36 182
bicycle 0.1108 148 152 157 162
bicycle 0.0937 385 156 392 169
bicycle 0.0753 79 158 95 176
bicycle 0.0405 328 159 338 176
bicycle 0.0396 214 153 219 159
bicycle 0.0363 140 154 147 169
bicycle 0.0291 70 158 86 176
bicycle 0.0251 294 154 318 169
bicycle 0.0201 195 153 201 159
bicycle 0.0189 0 149 8 166
bicycle 0.0169 299 153 313 166
bicycle 0.0165 182 153 190 159
bicycle 0.0144 226 150 230 161
stop sign 0.0280 139 140 146 146
