person 0.8004 268 149 276 165
person 0.1074 267 147 273 162
person 0.0381 258 148 264 160
person 0.0346 247 149 254 159
person 0.0183 333 150 338 163
person 0.0154 120 147 125 156
person 0.0144 258 151 266 161
car 0.9852 188 143 251 195
car 0.1599 244 150 249 157
car 0.0148 245 150 250 161
car 0.0145 0 148 5 156
car 0.0136 299 152 314 161
fire hydrant 0.8005 166 153 170 162
fire hydrant 0.0161 189 153 194 160
bicycle 0.2264 293 153 304 162
bicycle 0.0208 270 157 277 165
traffic light 0.9939 225 105 228 115
traffic light 0.9715 186 59 197 81
traffic light 0.9582 245 106 249 117
traffic light 0.9514 148 59 157 77
traffic light 0.1769 32 90 37 100
traffic light 0.1732 247 106 253 117
traffic light 0.0504 102 99 110 110
traffic light 0.0495 11 78 18 91
traffic light 0.0488 45 95 54 107
traffic light 0.0152 45 100 54 111
traffic light 0.0147 66 98 74 113
