person 0.9285 172 145 182 168
person 0.7101 263 150 269 162
person 0.4872 266 151 271 161
person 0.3693 278 150 284 158
person 0.3343 115 144 121 163
person 0.3064 250 152 256 161
person 0.2460 118 145 123 162
person 0.2124 155 150 161 164
person 0.1701 169 148 176 165
person 0.0919 250 150 255 159
person 0.0776 118 142 124 172
person 0.0752 167 147 174 160
person 0.0420 275 152 281 160
person 0.0282 153 150 158 164
person 0.0245 203 147 209 158
person 0.0137 149 146 156 161
person 0.0119 0 141 3 154
backpack 0.3809 174 147 183 161
car 0.9997 349 143 472 225
car 0.9992 302 148 370 196
car 0.9981 273 152 310 176
car 0.8226 196 146 259 191
car 0.0107 141 148 149 155
bicycle 0.1584 173 157 181 169
bicycle 0.0259 173 163 180 170
bicycle 0.0235 169 158 177 168
stop sign 0.0130 142 139 148 145
stop sign 0.0127 133 139 138 144
traffic light 0.9690 236 124 239 130
traffic light 0.8854 248 123 252 130
traffic light 0.8438 220 109 224 119
traffic light 0.5701 202 111 206 119
traffic light 0.3438 242 124 247 131
traffic light 0.2200 198 111 204 121
traffic light 0.0911 227 125 230 131
traffic light 0.0611 248 127 252 133
traffic light 0.0572 231 132 235 138
traffic light 0.0401 185 117 193 124
traffic light 0.0367 187 113 194 121
traffic light 0.0161 248 120 254 127
traffic light 0.0142 226 127 230 133
traffic light 0.0120 234 127 238 134
