person 0.9974 51 135 77 193
person 0.9888 0 125 13 212
person 0.9815 406 140 421 183
person 0.9792 23 142 36 175
person 0.9769 333 143 346 175
person 0.9749 95 143 110 174
person 0.9716 305 138 323 186
person 0.1419 277 148 285 159
person 0.0597 260 151 268 161
person 0.0415 20 141 30 176
person 0.0119 58 137 73 181
person 0.0108 98 148 109 166
handbag 0.0170 25 149 36 167
backpack 0.0752 310 150 322 164
backpack 0.0242 334 148 345 167
backpack 0.0189 340 148 348 158
backpack 0.0149 333 148 342 157
backpack 0.0100 98 147 108 161
car 0.9392 194 145 239 183
car 0.9239 262 149 282 159
car 0.8715 233 148 248 165
car 0.8557 250 149 260 158
car 0.5867 290 150 307 157
car 0.3142 282 150 301 158
car 0.2022 321 149 335 155
car 0.1967 257 149 267 158
car 0.0170 323 147 334 152
car 0.0151 201 146 243 168
fire hydrant 0.0314 79 162 84 175
bicycle 0.9881 307 164 321 190
bicycle 0.9818 49 159 76 207
bicycle 0.9478 90 160 108 185
bicycle 0.8139 1 182 20 227
bicycle 0.1042 252 151 260 160
bicycle 0.0957 0 175 10 224
bicycle 0.0428 96 163 109 182
stop sign 0.0139 330 129 340 144
