person 0.9980 152 131 170 186
person 0.9951 180 138 194 183
person 0.9933 197 139 208 183
person 0.9878 211 143 222 181
person 0.9526 223 145 234 178
person 0.9295 382 149 389 166
person 0.8879 186 142 196 180
person 0.4826 429 150 433 165
person 0.4695 379 150 385 164
person 0.4092 454 151 457 157
person 0.3845 415 152 422 162
person 0.3662 416 151 422 158
person 0.2704 407 153 416 161
person 0.2489 408 151 415 158
person 0.1854 451 151 454 158
person 0.0958 406 153 412 161
person 0.0861 422 153 429 161
person 0.0685 421 151 428 158
person 0.0636 417 148 423 155
person 0.0447 406 151 411 159
person 0.0357 209 144 218 179
person 0.0231 414 154 424 168
person 0.0111 454 153 460 159
backpack 0.9675 225 152 232 163
backpack 0.9521 197 149 203 161
backpack 0.9330 181 147 187 162
backpack 0.8508 209 152 213 163
backpack 0.2972 214 151 221 163
backpack 0.2253 202 149 208 161
backpack 0.1887 224 153 229 163
backpack 0.1788 212 147 223 169
backpack 0.0297 204 151 210 162
backpack 0.0281 178 152 185 161
car 0.9991 119 149 152 160
car 0.9966 239 152 269 164
car 0.9955 317 151 351 167
car 0.9941 342 153 373 166
car 0.9918 298 150 328 163
car 0.9432 169 150 179 158
car 0.8602 261 152 288 165
car 0.8587 101 149 119 156
car 0.6424 282 152 316 162
car 0.6040 231 149 249 159
car 0.2706 196 144 206 170
car 0.1336 269 152 306 165
car 0.1086 168 153 179 160
car 0.0892 232 151 252 163
car 0.0671 109 148 122 155
car 0.0540 164 150 174 159
car 0.0538 177 149 186 159
car 0.0513 223 148 233 166
car 0.0467 153 148 181 158
car 0.0347 115 149 129 157
car 0.0284 190 152 198 162
car 0.0206 253 151 267 164
car 0.0195 186 147 198 168
car 0.0110 175 148 199 158
fire hydrant 0.5958 418 160 424 169
fire hydrant 0.2102 429 159 433 169
fire hydrant 0.0939 417 162 423 171
bicycle 0.9981 389 161 416 176
bicycle 0.9943 292 159 308 171
bicycle 0.9812 272 160 289 173
bicycle 0.9766 396 158 418 173
bicycle 0.9661 257 161 277 173
bicycle 0.8369 381 162 386 173
bicycle 0.5199 299 160 311 171
bicycle 0.3149 286 159 303 171
bicycle 0.3102 422 160 428 168
bicycle 0.2908 404 156 422 168
bicycle 0.2635 382 161 388 171
bicycle 0.2214 278 158 292 172
bicycle 0.0889 267 157 283 173
bicycle 0.0694 422 157 430 167
bicycle 0.0299 381 158 389 173
bicycle 0.0252 387 156 426 177
bicycle 0.0194 406 160 419 169
bicycle 0.0146 415 158 425 170
bicycle 0.0124 256 159 266 171
bicycle 0.0121 387 161 406 175
bicycle 0.0115 165 153 173 161
bicycle 0.0102 306 159 312 171
