person 0.6837 277 149 285 160
person 0.0557 308 148 313 158
car 0.9377 310 151 327 161
car 0.9250 120 148 133 156
car 0.8928 52 149 66 154
car 0.8550 102 148 114 156
car 0.7807 123 149 139 156
car 0.7135 83 149 96 155
car 0.6060 105 148 122 156
car 0.4299 37 148 50 154
car 0.3814 42 148 61 154
car 0.2887 62 150 74 155
car 0.2854 329 151 342 158
car 0.2031 315 151 336 161
car 0.1847 70 149 84 155
car 0.1680 149 149 157 158
car 0.1203 135 150 144 156
car 0.0850 165 148 178 156
car 0.0315 309 150 343 163
car 0.0174 166 148 190 155
car 0.0135 152 149 168 157
bicycle 0.9991 339 156 365 181
bicycle 0.9575 316 157 340 175
bicycle 0.9120 323 157 349 176
bicycle 0.0205 351 157 369 180
bicycle 0.0180 312 154 330 171
bicycle 0.0155 371 152 380 161
bicycle 0.0152 374 153 386 162
truck 0.9958 401 89 477 211
truck 0.0213 86 144 104 155
