person 0.9489 171 145 185 179
person 0.9409 335 141 350 187
person 0.8646 314 144 326 168
person 0.4540 438 147 444 168
person 0.3001 441 148 450 167
person 0.2290 319 145 329 169
person 0.0237 449 148 456 166
person 0.0209 337 145 348 175
person 0.0159 331 149 338 167
person 0.0140 331 145 340 174
handbag 0.0339 174 153 184 171
backpack 0.0924 312 147 323 162
backpack 0.0523 174 151 183 167
backpack 0.0232 321 148 329 160
backpack 0.0110 176 149 185 156
car 0.9998 0 138 83 186
car 0.9988 37 146 150 191
car 0.9987 452 147 479 176
car 0.9941 356 147 408 171
car 0.9927 414 150 440 168
car 0.8818 395 149 423 169
car 0.8081 0 139 23 158
car 0.3274 0 138 27 181
car 0.1463 0 140 25 148
car 0.1184 448 146 460 170
car 0.1036 0 141 11 185
car 0.0673 439 149 451 160
car 0.0492 0 139 16 166
car 0.0253 449 148 457 159
car 0.0193 70 143 124 198
car 0.0146 415 150 440 158
car 0.0101 437 145 455 163
bicycle 0.0236 444 154 452 169
bicycle 0.0166 436 154 446 169
stop sign 0.1545 463 -1 479 20
