person 0.9393 261 142 276 182
person 0.7456 252 143 281 184
person 0.0247 371 149 378 157
backpack 0.2620 267 151 277 163
car 0.9469 218 149 232 157
car 0.8838 159 148 176 153
car 0.8479 181 149 195 154
car 0.7773 247 152 261 159
car 0.7683 236 152 252 160
car 0.7181 276 152 289 159
car 0.7134 283 153 298 159
car 0.6600 209 148 222 157
car 0.6582 203 148 212 157
car 0.4484 255 151 267 157
car 0.3946 192 149 203 156
car 0.3666 295 153 306 159
car 0.2492 227 152 247 160
car 0.1656 221 152 234 159
car 0.1615 156 147 171 152
car 0.1344 176 148 189 154
car 0.0840 258 152 270 161
car 0.0628 305 153 315 160
car 0.0612 268 151 278 158
car 0.0129 257 148 274 171
bicycle 0.9739 244 160 285 184
bicycle 0.8809 415 162 437 181
bicycle 0.8638 457 161 476 182
bicycle 0.7938 449 161 465 182
bicycle 0.7624 29 147 40 170
bicycle 0.7501 430 158 447 181
bicycle 0.6065 469 162 479 182
bicycle 0.5449 439 159 455 181
bicycle 0.1501 0 187 9 253
bicycle 0.0576 32 153 43 171
bicycle 0.0504 312 154 318 161
