person 0.9874 438 138 470 232
person 0.9790 307 147 321 178
person 0.8539 336 149 344 174
person 0.8194 154 147 168 171
person 0.7752 258 152 266 161
person 0.6145 114 149 122 169
person 0.3352 126 149 135 175
person 0.1878 118 149 129 175
person 0.1449 116 150 126 168
person 0.0868 165 149 172 167
person 0.0108 431 144 441 202
person 0.0106 164 151 172 176
backpack 0.1940 304 151 315 166
backpack 0.1040 310 152 320 167
car 0.9976 235 150 253 168
car 0.8593 265 153 279 162
car 0.8533 189 150 245 188
car 0.4984 273 153 285 161
car 0.4231 283 153 301 161
car 0.1140 254 152 259 161
car 0.1107 258 151 267 158
car 0.0423 265 152 277 158
car 0.0307 274 152 285 157
fire hydrant 0.0107 293 173 301 193
bicycle 0.8262 310 169 319 189
bicycle 0.7039 155 156 167 180
bicycle 0.6831 164 158 171 178
bicycle 0.6764 120 161 133 183
bicycle 0.2570 128 160 136 177
bicycle 0.0546 119 160 129 177
bicycle 0.0308 306 161 319 187
bicycle 0.0204 292 170 304 196
bicycle 0.0151 308 174 317 189
bicycle 0.0147 136 160 142 175
bicycle 0.0139 439 162 471 234
bicycle 0.0128 156 169 163 184
