person 0.9958 313 137 326 190
person 0.9879 69 138 83 177
person 0.9707 57 137 68 176
person 0.9672 298 135 313 192
person 0.3654 64 139 74 175
person 0.2711 187 147 193 159
person 0.2452 187 149 192 164
person 0.1591 299 145 312 174
person 0.0696 156 144 165 162
person 0.0368 50 132 58 175
person 0.0178 179 149 185 163
person 0.0157 317 142 331 184
handbag 0.3893 66 155 73 171
handbag 0.2409 66 149 73 165
handbag 0.0496 57 147 67 167
handbag 0.0388 72 147 82 167
handbag 0.0181 59 154 66 171
handbag 0.0155 64 160 71 174
handbag 0.0145 82 156 88 169
backpack 0.0608 303 150 314 167
backpack 0.0281 64 145 70 163
backpack 0.0249 314 150 325 166
backpack 0.0204 295 150 306 167
backpack 0.0156 58 144 67 161
backpack 0.0116 73 145 83 162
car 0.9987 325 150 397 197
car 0.9980 236 146 256 170
car 0.9888 197 144 248 185
car 0.9493 269 151 278 161
car 0.8578 283 149 293 166
car 0.8255 259 150 269 159
car 0.6874 278 150 288 165
car 0.2817 174 147 184 157
car 0.0549 248 149 257 166
car 0.0395 276 149 285 160
car 0.0389 253 150 259 157
car 0.0252 174 147 185 152
car 0.0120 185 147 193 152
bicycle 0.0218 155 152 168 164
bicycle 0.0216 278 156 285 167
stop sign 0.0125 146 130 153 145
