person 0.9914 304 144 318 181
person 0.9777 291 148 301 177
person 0.9733 425 142 436 181
person 0.9641 435 140 445 183
person 0.8802 443 141 454 183
person 0.8652 152 150 157 167
person 0.7359 277 151 285 168
person 0.7036 270 149 277 169
person 0.6438 178 150 184 164
person 0.4843 448 140 458 185
person 0.1962 289 152 298 172
person 0.1591 180 148 185 159
person 0.1408 250 153 258 160
person 0.1004 243 154 250 161
person 0.0860 128 152 132 164
person 0.0830 182 148 188 157
person 0.0668 178 154 184 169
person 0.0642 287 153 294 166
person 0.0609 155 151 160 165
person 0.0559 122 150 127 166
person 0.0446 262 149 267 159
person 0.0357 153 150 157 158
person 0.0344 261 152 268 162
person 0.0329 251 150 257 158
person 0.0309 309 152 322 183
person 0.0288 182 150 188 163
person 0.0206 426 143 436 166
person 0.0141 155 149 161 159
handbag 0.0272 434 160 441 175
handbag 0.0190 436 153 444 172
handbag 0.0115 446 153 454 171
umbrella 0.0431 182 146 190 152
umbrella 0.0353 179 144 187 150
backpack 0.2351 293 153 301 166
backpack 0.1938 437 147 444 160
backpack 0.1716 427 146 434 161
backpack 0.1278 444 147 451 159
backpack 0.0597 437 149 445 166
backpack 0.0509 304 151 316 165
backpack 0.0340 446 149 454 166
backpack 0.0327 315 153 320 162
car 0.9735 177 144 250 205
fire hydrant 0.0693 123 155 127 171
bicycle 0.9981 361 158 385 180
bicycle 0.9880 390 156 409 179
bicycle 0.9706 383 156 403 179
bicycle 0.9180 401 156 418 179
bicycle 0.9112 467 151 480 175
bicycle 0.8336 409 156 425 179
bicycle 0.7296 369 157 394 178
bicycle 0.6732 305 158 317 189
bicycle 0.2835 317 158 339 175
bicycle 0.1014 327 161 339 173
bicycle 0.0590 307 166 320 189
bicycle 0.0564 471 148 480 169
bicycle 0.0451 420 152 436 181
bicycle 0.0308 293 158 301 177
bicycle 0.0304 307 174 315 190
bicycle 0.0198 473 145 480 159
bicycle 0.0167 298 167 306 179
bicycle 0.0163 275 162 284 171
bicycle 0.0118 363 159 372 177
