person 0.9976 314 155 326 192
person 0.9885 348 154 358 184
person 0.9739 415 158 439 205
person 0.7411 257 158 263 167
person 0.7365 287 153 298 184
person 0.7183 147 155 153 171
person 0.6473 343 152 352 183
person 0.6286 304 158 311 177
person 0.4850 251 158 257 165
person 0.4165 281 160 286 173
person 0.3720 176 158 184 170
person 0.3535 186 155 192 163
person 0.3345 166 158 174 170
person 0.2578 184 155 190 170
person 0.0485 177 155 184 164
person 0.0444 156 157 166 171
person 0.0420 344 156 350 171
person 0.0333 251 157 257 163
person 0.0215 280 153 288 183
backpack 0.6739 287 159 296 170
backpack 0.4837 281 159 287 170
backpack 0.1216 295 159 301 170
backpack 0.0701 314 163 323 175
backpack 0.0680 351 157 359 171
backpack 0.0477 305 159 312 170
car 0.9834 230 156 250 174
car 0.9769 183 154 234 195
car 0.3032 265 160 275 167
car 0.0192 257 157 263 162
fire hydrant 0.2212 159 163 166 174
fire hydrant 0.0884 146 160 152 173
bicycle 0.9597 427 169 450 208
bicycle 0.5112 166 161 174 174
bicycle 0.4386 285 170 296 188
bicycle 0.2595 177 160 186 173
bicycle 0.0647 411 179 451 208
bicycle 0.0447 260 163 266 169
bicycle 0.0238 266 163 274 170
bicycle 0.0197 266 172 276 186
bicycle 0.0170 182 160 188 173
bicycle 0.0141 436 169 450 200
bicycle 0.0107 279 172 288 186
stop sign 0.0104 298 144 306 161
