person 0.9973 365 140 396 204
person 0.9177 138 146 151 179
person 0.8762 274 149 283 165
person 0.8749 271 149 278 164
person 0.1254 255 152 262 160
person 0.0878 193 152 196 160
person 0.0200 148 150 159 174
person 0.0156 205 153 210 160
person 0.0102 354 127 403 210
umbrella 0.3515 272 149 284 156
umbrella 0.2346 271 149 279 158
umbrella 0.0342 273 147 283 152
backpack 0.8499 376 148 393 175
backpack 0.0677 378 148 389 168
backpack 0.0558 376 147 391 158
backpack 0.0119 373 145 394 163
car 0.9960 222 149 255 177
car 0.9923 302 148 341 169
car 0.8809 467 146 478 152
car 0.7901 283 151 302 165
car 0.5548 335 149 372 164
car 0.4195 338 150 358 159
car 0.3767 251 152 260 160
car 0.3652 341 151 364 162
car 0.2591 460 145 476 152
car 0.2393 451 146 462 152
car 0.0335 395 151 409 155
car 0.0287 441 145 458 152
car 0.0193 289 150 304 158
car 0.0176 285 151 299 158
car 0.0175 383 149 399 156
car 0.0166 356 151 371 163
fire hydrant 0.5947 154 157 161 168
bicycle 0.9982 332 159 357 178
bicycle 0.9913 366 168 393 217
bicycle 0.9731 139 154 150 181
bicycle 0.7899 343 158 362 179
bicycle 0.1060 274 156 283 166
bicycle 0.0736 152 156 159 168
bicycle 0.0536 285 156 298 166
bicycle 0.0269 272 156 278 166
bicycle 0.0217 355 155 372 182
bicycle 0.0142 359 160 371 176
