person 0.9956 139 148 150 179
person 0.8598 219 147 227 160
person 0.8520 332 149 338 163
person 0.7715 231 148 238 156
person 0.7103 193 149 201 166
person 0.6578 118 142 127 172
person 0.5332 294 147 299 158
person 0.4752 291 146 296 158
person 0.4485 242 147 247 155
person 0.4208 216 148 224 160
person 0.3763 160 145 168 162
person 0.3056 298 151 304 162
person 0.2295 249 148 256 156
person 0.2086 307 150 314 159
person 0.2069 162 147 173 160
person 0.1587 328 150 333 159
person 0.1412 312 149 317 158
person 0.1282 247 144 255 154
person 0.1089 230 147 238 153
person 0.0748 220 147 227 152
person 0.0712 312 150 317 163
person 0.0591 119 146 126 162
person 0.0415 185 148 193 160
person 0.0398 184 152 195 165
person 0.0395 149 151 155 165
person 0.0343 143 148 154 178
person 0.0168 254 147 265 157
person 0.0148 112 142 123 174
person 0.0146 291 150 297 161
person 0.0113 172 148 184 159
umbrella 0.5931 292 146 301 150
umbrella 0.2833 290 146 297 151
umbrella 0.2005 333 145 344 149
umbrella 0.1955 339 145 347 150
umbrella 0.0431 332 141 344 146
umbrella 0.0216 339 141 348 145
umbrella 0.0128 305 146 312 150
backpack 0.0846 139 153 149 172
backpack 0.0707 140 153 147 165
car 0.9994 400 143 433 164
car 0.9502 253 148 302 187
car 0.8081 362 148 387 161
car 0.1326 373 149 387 160
fire hydrant 0.6447 431 164 437 180
bicycle 0.9191 161 157 180 170
bicycle 0.7878 180 156 198 168
bicycle 0.7594 170 156 187 169
bicycle 0.5638 303 152 315 162
bicycle 0.3646 218 150 228 162
bicycle 0.3260 189 156 201 168
bicycle 0.0521 157 156 170 169
bicycle 0.0206 219 158 229 164
bicycle 0.0127 162 152 177 165
