person 0.9887 427 140 442 189
person 0.9814 127 144 135 170
person 0.9599 300 149 314 187
person 0.9450 409 144 420 178
person 0.8662 102 146 107 154
person 0.6873 149 147 155 163
person 0.3895 158 151 163 165
person 0.2793 164 151 169 164
person 0.1782 411 139 423 190
person 0.1344 169 148 174 160
person 0.0973 148 146 153 162
person 0.0900 413 143 421 167
person 0.0666 164 147 170 161
person 0.0266 147 150 152 164
person 0.0230 163 146 168 157
person 0.0149 169 145 174 157
person 0.0123 104 146 113 154
person 0.0103 270 151 276 166
car 0.9958 321 147 395 197
car 0.9927 105 146 131 155
car 0.9919 223 147 248 172
car 0.9911 272 152 290 171
car 0.9859 251 150 263 163
car 0.9836 283 151 316 178
car 0.9477 169 145 229 193
car 0.8076 268 152 278 170
car 0.7264 260 154 268 166
car 0.7158 246 152 251 158
car 0.4332 255 152 269 165
car 0.4224 247 152 252 161
car 0.1003 280 153 294 174
car 0.0236 282 152 301 177
car 0.0186 112 147 140 156
car 0.0143 125 146 136 156
bicycle 0.1423 149 154 159 168
bicycle 0.0596 301 168 313 190
bicycle 0.0278 138 153 145 163
stop sign 0.0160 20 99 27 108
traffic light 0.0136 235 137 239 142
