car 0.8901 262 152 280 162
car 0.1834 281 152 296 162
car 0.1555 257 153 273 161
car 0.1532 274 152 289 162
car 0.0547 298 152 318 162
car 0.0281 294 153 307 162
bicycle 0.6699 294 157 321 180
bicycle 0.0177 286 160 329 183
bicycle 0.0124 299 161 316 176
stop sign 0.0982 312 78 357 116
stop sign 0.0780 109 88 121 104
stop sign 0.0425 125 97 139 107
stop sign 0.0397 119 87 129 103
stop sign 0.0128 126 87 136 103
traffic light 0.0909 156 118 161 127
traffic light 0.0127 153 119 158 127
truck 0.8537 222 151 242 162
truck 0.0342 226 151 239 159
