person 0.9450 92 145 103 170
person 0.9145 139 151 146 166
person 0.8088 0 140 7 178
person 0.6241 261 150 268 162
person 0.4700 284 152 293 165
person 0.4439 249 151 258 161
person 0.4170 268 151 273 162
person 0.0676 86 149 92 165
person 0.0598 91 146 99 162
person 0.0338 139 148 145 159
person 0.0336 99 150 105 167
person 0.0199 284 149 293 160
person 0.0165 186 154 192 162
person 0.0156 97 145 106 171
person 0.0127 304 148 315 155
person 0.0101 0 143 4 165
car 0.9821 185 144 254 201
car 0.6029 448 148 459 153
car 0.4881 247 150 257 158
car 0.1505 458 148 473 154
car 0.1465 259 150 268 159
car 0.0661 244 150 251 157
fire hydrant 0.0147 158 153 163 161
fire hydrant 0.0127 170 154 175 161
fire hydrant 0.0114 305 172 312 196
bicycle 0.8770 283 157 294 165
bicycle 0.8731 137 157 147 168
bicycle 0.0705 132 157 142 167
bicycle 0.0629 94 153 103 171
bicycle 0.0151 133 153 141 163
bicycle 0.0149 91 162 102 173
bicycle 0.0130 377 153 386 164
