person 0.9705 141 144 158 183
person 0.9651 278 150 284 167
person 0.9059 272 150 277 166
person 0.8668 164 143 170 165
person 0.8409 192 147 197 159
person 0.8128 179 146 186 161
person 0.6082 132 146 139 161
person 0.5543 184 147 190 159
person 0.3910 258 152 263 161
person 0.3581 414 146 422 162
person 0.3439 146 145 156 162
person 0.3392 409 149 417 165
person 0.3268 138 146 144 161
person 0.2486 215 149 260 184
person 0.2103 259 149 265 160
person 0.1976 206 150 211 158
person 0.1784 138 145 150 181
person 0.1106 254 150 259 163
person 0.1019 133 149 139 165
person 0.0864 211 153 215 160
person 0.0697 137 149 143 164
person 0.0512 192 143 198 155
person 0.0429 271 149 276 159
person 0.0320 130 143 136 154
person 0.0298 273 154 278 169
person 0.0218 141 145 146 153
person 0.0216 159 145 166 163
person 0.0155 283 152 290 165
person 0.0139 147 145 154 154
person 0.0132 123 147 130 159
person 0.0122 185 143 192 155
umbrella 0.9848 274 146 285 149
umbrella 0.0301 272 146 280 150
umbrella 0.0110 276 149 286 154
car 0.8990 216 148 256 179
fire hydrant 0.9706 346 160 352 174
bicycle 0.9993 439 167 479 221
bicycle 0.9968 12 160 51 185
bicycle 0.9899 391 163 442 206
bicycle 0.9830 374 162 410 203
bicycle 0.9728 46 158 74 182
bicycle 0.9650 141 160 159 188
bicycle 0.9440 65 157 89 177
bicycle 0.9110 56 158 82 179
bicycle 0.8985 83 158 108 174
bicycle 0.8297 103 156 125 172
bicycle 0.7891 37 160 64 183
bicycle 0.7698 94 156 117 173
bicycle 0.7687 0 159 27 188
bicycle 0.6976 115 157 133 170
bicycle 0.6152 75 158 100 176
bicycle 0.2555 125 157 138 170
bicycle 0.1490 180 152 186 161
bicycle 0.1188 145 168 156 188
bicycle 0.1180 27 158 56 183
bicycle 0.0406 107 155 139 171
bicycle 0.0286 123 153 141 172
bicycle 0.0273 407 169 434 199
bicycle 0.0248 473 166 480 232
bicycle 0.0230 182 152 190 160
bicycle 0.0114 164 157 170 166
bicycle 0.0100 61 160 76 178
