person 0.9997 20 127 37 213
person 0.9982 70 134 80 169
person 0.9977 0 129 18 214
person 0.9865 456 137 476 218
person 0.9835 280 144 292 175
person 0.9825 88 135 97 166
person 0.9791 375 145 391 201
person 0.9775 416 133 434 196
person 0.9666 116 140 125 164
person 0.9249 81 135 89 164
person 0.9128 137 145 144 163
person 0.8848 394 144 406 194
person 0.8394 85 136 93 166
person 0.7702 167 151 175 167
person 0.6824 174 151 180 168
person 0.6574 146 145 154 164
person 0.6105 403 145 414 191
person 0.4327 131 145 137 162
person 0.3470 449 142 470 214
person 0.2445 473 133 479 215
person 0.2260 413 140 429 194
person 0.2037 156 151 164 166
person 0.1328 372 149 381 198
person 0.1314 388 142 397 206
person 0.1224 184 153 189 166
person 0.1075 0 131 9 215
person 0.1012 398 147 409 182
person 0.0917 473 138 479 178
person 0.0514 473 142 479 163
person 0.0309 247 147 254 170
person 0.0261 244 148 250 168
person 0.0230 421 145 435 181
person 0.0188 71 139 79 159
person 0.0169 252 158 257 169
person 0.0126 19 133 32 183
person 0.0106 455 140 465 208
person 0.0102 279 149 289 169
person 0.0100 390 147 398 193
handbag 0.6800 372 176 380 193
handbag 0.2884 455 178 462 190
handbag 0.1412 425 157 434 166
handbag 0.1159 373 172 380 186
handbag 0.0328 279 152 289 172
handbag 0.0213 475 165 480 181
handbag 0.0196 404 154 412 172
handbag 0.0156 455 173 462 185
handbag 0.0151 281 162 287 174
handbag 0.0138 372 170 382 198
handbag 0.0104 18 172 25 183
umbrella 0.9572 377 134 405 142
backpack 0.1013 425 152 436 166
backpack 0.0155 400 155 408 171
car 0.9152 188 145 250 194
bicycle 0.0246 157 158 164 165
