person 0.9937 428 135 448 192
person 0.1281 303 147 309 167
person 0.0322 201 148 207 160
person 0.0144 298 149 307 166
person 0.0141 314 145 321 161
handbag 0.6870 445 165 457 179
handbag 0.0525 442 177 449 191
handbag 0.0418 444 153 458 184
umbrella 0.0675 446 160 459 184
car 0.9997 258 149 281 168
car 0.9886 201 145 270 200
car 0.0113 260 148 280 160
fire hydrant 0.9094 20 164 28 185
fire hydrant 0.0307 157 154 161 161
fire hydrant 0.0209 180 154 185 162
fire hydrant 0.0105 148 155 152 162
bicycle 0.0218 201 153 206 161
stop sign 0.9265 13 118 21 132
stop sign 0.0139 13 110 20 124
stop sign 0.0115 11 112 22 134
stop sign 0.0107 13 108 19 117
traffic light 0.9870 306 0 323 20
traffic light 0.9776 232 0 248 17
