person 0.9985 32 120 81 251
person 0.9958 -2 120 33 266
person 0.9757 309 147 319 175
person 0.7806 333 149 342 168
person 0.4103 251 149 264 175
person 0.2382 7 118 56 252
person 0.0345 350 149 357 166
person 0.0313 338 150 349 167
handbag 0.0332 58 196 69 213
handbag 0.0262 252 154 261 171
handbag 0.0160 309 153 316 172
handbag 0.0120 62 186 73 215
handbag 0.0115 309 161 315 174
backpack 0.8514 34 150 50 184
backpack 0.3686 29 163 48 192
backpack 0.2083 21 150 45 196
backpack 0.0854 5 144 39 238
backpack 0.0550 311 149 319 167
backpack 0.0525 16 148 42 220
backpack 0.0482 26 170 44 194
backpack 0.0461 40 147 55 180
backpack 0.0419 28 171 41 186
backpack 0.0344 39 121 64 245
backpack 0.0246 36 157 46 178
backpack 0.0245 0 153 14 192
backpack 0.0228 28 224 41 247
backpack 0.0105 14 146 29 190
car 0.9993 113 149 192 179
car 0.9992 72 143 146 176
car 0.9991 428 149 481 174
car 0.9983 357 150 404 169
car 0.8050 400 152 424 167
car 0.7832 419 151 433 163
car 0.6439 16 146 47 181
car 0.6152 62 143 96 159
car 0.4652 406 152 431 163
car 0.2405 384 151 419 167
car 0.2353 26 135 88 259
car 0.1586 468 149 480 176
car 0.1195 71 143 98 153
car 0.1023 -2 134 46 285
car 0.1023 408 151 434 158
car 0.0830 472 151 480 165
car 0.0764 86 144 141 165
car 0.0625 202 150 210 156
car 0.0582 20 144 48 164
car 0.0337 421 154 432 168
car 0.0156 409 155 428 167
fire hydrant 0.1778 412 175 429 200
fire hydrant 0.0362 416 175 425 194
fire hydrant 0.0106 395 171 425 197
bicycle 0.9989 449 173 479 233
bicycle 0.9535 381 164 439 204
bicycle 0.8046 468 180 479 240
bicycle 0.1727 471 200 480 237
bicycle 0.0796 457 194 480 234
bicycle 0.0143 471 165 480 226
bicycle 0.0142 429 175 484 225
bottle 0.0741 60 195 72 213
truck 0.3250 381 176 438 201
