person 0.9994 34 124 69 220
person 0.9931 369 139 381 178
person 0.9400 386 145 397 178
person 0.2317 405 148 413 169
person 0.1740 197 146 248 196
person 0.1593 187 153 192 162
person 0.0719 378 149 383 166
person 0.0679 395 142 405 173
person 0.0621 375 143 384 174
person 0.0431 408 147 414 159
person 0.0220 396 148 403 168
person 0.0200 170 152 174 164
person 0.0178 404 149 416 173
person 0.0158 168 146 173 161
person 0.0158 187 149 193 159
person 0.0136 395 142 402 165
person 0.0122 35 136 43 169
handbag 0.0798 30 177 39 190
handbag 0.0455 378 154 385 170
handbag 0.0424 35 175 44 183
handbag 0.0184 35 168 43 180
handbag 0.0120 31 174 38 186
umbrella 0.1566 387 146 397 152
umbrella 0.0140 387 147 398 157
car 0.9969 290 139 366 196
car 0.9752 248 151 261 165
car 0.9705 262 152 281 170
car 0.8305 186 147 249 196
car 0.8192 282 150 297 184
car 0.7846 254 151 268 167
car 0.5579 241 152 248 161
car 0.1716 271 152 285 173
car 0.0518 240 151 246 158
car 0.0250 406 153 435 170
car 0.0124 235 153 242 160
fire hydrant 0.8877 131 160 136 170
bicycle 0.7552 470 154 479 171
bicycle 0.4819 459 155 473 170
bicycle 0.4088 451 155 463 171
bicycle 0.1125 443 155 453 172
bicycle 0.0521 404 148 433 170
bicycle 0.0364 456 148 478 171
bicycle 0.0204 448 147 466 171
bicycle 0.0115 474 144 480 163
stop sign 0.0293 42 120 48 132
stop sign 0.0284 81 126 90 137
bottle 0.0487 33 177 44 189
traffic light 0.7140 224 130 227 136
traffic light 0.6649 233 134 237 139
traffic light 0.1014 230 131 236 137
traffic light 0.0774 240 135 246 140
traffic light 0.0377 223 133 227 138
traffic light 0.0219 234 138 239 143
traffic light 0.0172 217 131 222 136
traffic light 0.0140 216 133 221 138
truck 0.0137 404 133 455 172
