person 0.9987 374 142 396 203
person 0.6259 130 138 140 165
person 0.5512 166 143 176 162
person 0.4298 87 139 107 168
person 0.4087 159 144 165 160
person 0.3889 123 144 129 161
person 0.2527 150 145 158 161
person 0.1908 178 144 185 154
person 0.1660 129 140 137 157
person 0.1551 136 140 146 164
person 0.1485 167 143 174 155
person 0.1036 177 145 185 158
person 0.0776 124 142 129 153
person 0.0732 139 140 145 156
person 0.0602 280 146 287 152
person 0.0563 285 144 293 152
person 0.0356 182 145 189 153
person 0.0213 122 140 130 165
person 0.0190 149 142 155 155
person 0.0100 283 144 298 165
car 0.9965 232 143 251 168
car 0.9919 256 146 270 160
car 0.9905 293 145 331 177
car 0.9867 318 146 389 189
car 0.9801 186 141 242 187
car 0.9453 269 147 287 166
car 0.9058 283 146 299 170
car 0.5394 472 173 480 247
car 0.3972 468 163 479 261
car 0.2448 250 147 257 155
car 0.2065 78 142 113 154
car 0.1144 77 141 116 165
car 0.1097 473 156 479 223
car 0.0924 273 147 286 160
car 0.0516 289 148 308 174
car 0.0348 98 143 114 152
car 0.0309 77 142 95 151
car 0.0244 266 148 274 159
car 0.0176 249 145 255 153
car 0.0141 283 147 319 171
bicycle 0.9223 92 152 120 172
bicycle 0.9005 373 167 394 215
bicycle 0.3993 165 152 178 165
bicycle 0.1609 130 151 140 165
bicycle 0.1077 157 151 168 163
bicycle 0.0492 145 150 159 163
bicycle 0.0439 90 143 107 171
bicycle 0.0222 136 151 148 164
bicycle 0.0202 171 151 183 164
bicycle 0.0181 96 156 114 171
bicycle 0.0111 106 156 121 171
stop sign 0.9008 133 129 141 137
stop sign 0.0300 368 119 376 136
stop sign 0.0184 118 125 125 140
stop sign 0.0139 136 130 144 139
