person 0.9854 123 146 136 175
person 0.9843 8 136 21 181
person 0.9334 31 144 37 155
person 0.8836 285 147 291 155
person 0.8489 185 152 189 160
person 0.7747 66 135 73 159
person 0.7448 304 149 309 158
person 0.7214 157 145 164 163
person 0.6976 308 150 312 156
person 0.6564 175 152 179 161
person 0.5500 176 150 180 159
person 0.4351 145 145 151 163
person 0.2377 169 153 176 163
person 0.2362 25 145 34 154
person 0.2353 151 145 157 163
person 0.1841 164 153 172 163
person 0.1812 243 150 247 160
person 0.1250 129 146 138 175
person 0.0623 169 150 175 159
person 0.0552 151 151 156 164
person 0.0547 65 140 71 153
person 0.0456 125 145 136 163
person 0.0399 291 150 297 157
person 0.0275 165 149 171 159
person 0.0219 67 137 73 151
person 0.0169 147 150 151 163
person 0.0149 164 146 169 156
person 0.0145 67 143 73 158
person 0.0136 288 148 294 155
person 0.0121 296 149 302 158
umbrella 0.0235 177 149 182 153
car 0.9975 425 158 480 248
car 0.9968 323 147 438 210
car 0.9954 271 153 301 174
car 0.9950 299 151 347 186
car 0.9793 252 149 271 166
car 0.8236 246 152 253 162
car 0.6942 30 142 63 156
car 0.6792 194 147 251 194
car 0.1007 245 152 251 159
bicycle 0.9714 99 154 118 174
bicycle 0.7483 170 157 176 164
bicycle 0.6060 163 156 173 165
bicycle 0.3669 123 160 137 176
bicycle 0.1970 79 150 91 171
bicycle 0.1464 63 144 73 165
bicycle 0.1236 131 163 139 173
bicycle 0.1067 157 156 166 165
bicycle 0.0928 126 168 133 181
bicycle 0.0905 83 147 106 173
bicycle 0.0891 117 160 128 176
bicycle 0.0699 110 153 125 171
bicycle 0.0621 128 160 139 175
bicycle 0.0575 67 148 74 160
bicycle 0.0320 125 163 135 174
bicycle 0.0221 71 147 94 173
bicycle 0.0152 151 155 158 165
bicycle 0.0144 101 156 128 172
stop sign 0.9838 89 126 96 136
stop sign 0.1533 91 127 98 136
