person 0.9525 311 144 319 172
car 0.9998 350 143 437 182
car 0.9987 318 145 354 166
car 0.9986 455 144 480 172
car 0.9845 211 148 221 156
car 0.8742 67 143 83 150
car 0.8631 292 150 310 155
car 0.8558 192 148 205 156
car 0.8293 416 145 442 158
car 0.7451 162 148 185 160
car 0.7386 411 155 447 194
car 0.3111 451 142 479 157
car 0.1683 426 147 447 156
car 0.1418 412 145 429 152
car 0.1087 450 146 462 157
car 0.0818 440 148 454 156
car 0.0616 301 149 312 155
car 0.0535 311 148 318 160
car 0.0359 472 143 480 152
car 0.0315 279 149 304 155
car 0.0315 272 147 310 157
car 0.0282 348 147 359 155
car 0.0256 72 144 99 150
car 0.0224 186 148 198 155
car 0.0202 465 145 479 178
car 0.0127 200 149 211 155
car 0.0120 34 145 48 150
car 0.0112 347 146 360 152
car 0.0108 25 144 40 149
bicycle 0.7347 415 163 445 192
truck 0.0121 287 106 310 135
