person 0.9992 425 134 444 194
person 0.0752 175 152 179 164
person 0.0486 187 153 192 162
person 0.0231 172 153 175 165
person 0.0204 192 154 197 161
car 0.9964 297 152 351 192
car 0.9958 270 151 289 172
car 0.9928 279 152 307 177
car 0.9886 191 148 248 195
car 0.8996 260 154 269 168
car 0.7748 266 153 277 170
car 0.6283 235 148 251 170
car 0.1823 225 148 248 174
car 0.0891 247 153 257 170
car 0.0449 236 148 248 160
car 0.0327 239 152 250 171
bicycle 0.9648 344 164 358 202
traffic light 0.8078 242 133 247 139
traffic light 0.7452 227 124 231 131
traffic light 0.4370 229 124 233 131
traffic light 0.3191 249 133 256 139
traffic light 0.1847 242 130 247 137
traffic light 0.1612 251 123 257 130
traffic light 0.0781 258 129 264 136
traffic light 0.0586 227 127 231 134
traffic light 0.0520 256 123 262 131
traffic light 0.0518 249 129 257 136
traffic light 0.0431 229 128 235 136
traffic light 0.0376 233 133 238 137
traffic light 0.0190 213 129 218 136
traffic light 0.0182 258 133 266 139
traffic light 0.0159 211 133 217 138
