person 0.9633 87 141 100 167
person 0.7234 297 144 305 161
person 0.3548 442 147 450 159
person 0.3492 408 146 413 158
person 0.3449 454 145 462 158
person 0.3381 397 147 404 156
person 0.2884 432 147 440 158
person 0.2247 416 146 423 159
person 0.1200 423 149 435 158
person 0.0464 85 145 95 160
person 0.0296 407 145 413 153
person 0.0221 444 145 452 153
person 0.0192 417 144 422 153
person 0.0104 418 152 424 160
backpack 0.0296 90 143 98 155
car 0.9978 315 150 345 170
car 0.9774 337 147 358 166
car 0.8986 458 147 471 156
car 0.7630 0 143 8 153
car 0.6861 6 142 35 155
car 0.2851 3 143 24 154
car 0.0470 22 144 40 153
car 0.0382 343 147 363 160
car 0.0273 40 147 59 155
car 0.0193 457 144 473 160
car 0.0165 36 145 48 153
car 0.0133 0 138 4 150
car 0.0119 33 146 51 155
bicycle 0.9638 82 155 104 170
bicycle 0.1362 357 149 370 158
bicycle 0.0563 388 149 397 156
bicycle 0.0368 423 152 435 160
bicycle 0.0293 441 152 450 161
bicycle 0.0279 472 157 479 167
bicycle 0.0221 298 150 305 163
bicycle 0.0104 366 149 378 157
bicycle 0.0101 380 149 388 157
