person 0.9993 24 112 77 273
person 0.9933 122 126 163 231
person 0.9123 71 140 96 241
person 0.9052 338 151 348 175
person 0.8288 311 150 322 173
person 0.3770 59 122 100 260
person 0.2481 374 151 385 168
person 0.0306 371 149 382 170
person 0.0165 66 130 94 169
person 0.0146 9 132 59 254
handbag 0.1068 156 182 163 198
handbag 0.1021 78 176 92 189
handbag 0.0410 73 178 87 190
handbag 0.0380 339 160 346 174
handbag 0.0378 157 187 164 198
umbrella 0.0657 73 184 87 191
umbrella 0.0214 78 183 91 192
backpack 0.9510 119 147 141 177
backpack 0.7379 20 156 48 205
backpack 0.2940 79 170 93 187
backpack 0.1661 120 154 134 179
backpack 0.0888 69 149 85 176
backpack 0.0646 81 167 91 181
backpack 0.0639 81 145 96 172
backpack 0.0453 124 159 137 177
backpack 0.0451 339 153 347 165
backpack 0.0411 87 145 123 177
backpack 0.0243 28 143 52 223
backpack 0.0157 88 144 120 205
backpack 0.0151 72 153 82 172
backpack 0.0141 72 141 94 207
backpack 0.0120 83 153 92 171
backpack 0.0105 94 154 100 170
car 0.9988 176 151 244 175
car 0.9900 392 153 426 170
car 0.9770 156 145 203 173
car 0.9643 456 152 480 173
car 0.9571 -1 138 28 160
car 0.9415 5 142 34 164
car 0.4468 425 154 449 164
car 0.4414 84 145 128 170
car 0.2650 417 154 441 170
car 0.2203 400 152 438 166
car 0.1044 5 133 80 283
car 0.0550 117 143 134 152
car 0.0537 436 153 453 164
car 0.0371 409 152 433 163
car 0.0259 107 143 157 155
car 0.0167 153 147 168 156
car 0.0164 426 153 469 170
car 0.0115 96 144 151 161
car 0.0108 439 152 479 167
fire hydrant 0.4479 411 171 416 186
fire hydrant 0.4269 384 167 414 191
fire hydrant 0.0536 407 167 419 192
fire hydrant 0.0248 410 173 415 193
fire hydrant 0.0238 413 167 421 182
fire hydrant 0.0115 412 171 420 186
bicycle 0.9982 421 167 474 208
bicycle 0.9939 -1 164 24 219
bicycle 0.9622 88 159 120 219
bicycle 0.9465 466 175 479 224
bicycle 0.8870 454 169 480 217
bicycle 0.6202 470 191 479 226
bicycle 0.6151 414 170 459 200
bicycle 0.2585 381 168 419 190
bicycle 0.1541 79 133 125 230
bicycle 0.0843 5 135 61 266
bicycle 0.0796 0 174 11 224
bicycle 0.0718 11 163 41 219
bicycle 0.0527 1 190 24 218
bicycle 0.0371 403 164 440 200
bicycle 0.0209 97 148 134 216
bicycle 0.0191 474 209 479 229
bicycle 0.0131 469 190 479 208
bicycle 0.0131 472 201 480 237
bicycle 0.0109 461 192 478 224
truck 0.0627 410 175 432 202
truck 0.0267 385 172 415 191
