person 0.9524 141 144 151 173
person 0.7027 287 146 295 159
person 0.6546 38 145 49 172
person 0.3534 308 148 314 154
person 0.3470 187 146 241 195
person 0.2421 169 152 174 162
person 0.1531 102 147 109 167
person 0.1505 109 145 117 162
person 0.1466 144 148 153 166
person 0.1316 109 146 121 169
person 0.0837 312 149 320 155
person 0.0724 289 146 295 153
person 0.0663 0 103 7 159
person 0.0458 305 147 310 152
person 0.0410 142 147 149 161
person 0.0331 185 154 190 160
person 0.0316 175 154 181 161
person 0.0292 333 152 343 165
person 0.0251 39 145 47 163
person 0.0225 130 147 138 159
person 0.0206 157 152 164 162
person 0.0195 285 148 293 164
person 0.0132 279 148 290 160
person 0.0118 294 148 303 156
person 0.0111 41 150 53 167
person 0.0104 299 146 305 152
handbag 0.0249 36 154 46 171
handbag 0.0117 145 153 153 171
umbrella 0.0893 102 140 113 145
car 0.9996 373 149 478 252
car 0.9863 246 148 272 170
car 0.9812 277 151 338 190
car 0.8375 238 151 245 163
car 0.5913 183 147 245 193
car 0.3901 234 152 242 161
car 0.0224 232 151 239 158
car 0.0181 0 148 9 160
bicycle 0.9557 4 157 43 191
bicycle 0.9372 111 154 136 170
bicycle 0.9194 0 164 25 194
bicycle 0.8991 124 156 141 170
bicycle 0.6923 0 163 9 204
bicycle 0.4017 20 164 47 192
bicycle 0.2607 108 156 125 169
bicycle 0.2436 51 156 69 180
bicycle 0.2309 142 161 150 176
bicycle 0.1402 0 179 8 217
bicycle 0.1121 39 152 57 174
bicycle 0.1096 140 154 149 171
bicycle 0.0471 184 159 246 196
bicycle 0.0448 14 156 31 170
bicycle 0.0406 126 152 140 166
bicycle 0.0387 1 172 8 195
bicycle 0.0351 0 186 6 211
bicycle 0.0293 28 157 39 169
bicycle 0.0228 6 155 19 170
bicycle 0.0180 54 159 65 177
bicycle 0.0156 43 160 58 175
bicycle 0.0152 0 150 9 164
bicycle 0.0131 127 161 142 171
bicycle 0.0131 144 166 152 178
bicycle 0.0124 280 156 335 192
bicycle 0.0114 0 153 8 172
bicycle 0.0111 115 152 132 165
stop sign 0.9825 372 106 381 126
stop sign 0.9276 373 127 381 143
stop sign 0.7704 0 111 6 125
stop sign 0.2006 373 108 381 145
stop sign 0.0237 374 112 384 131
