person 0.9842 194 141 207 174
person 0.9783 222 144 232 175
person 0.9674 208 144 220 172
person 0.9324 176 138 189 175
person 0.4646 370 150 377 158
person 0.4182 410 149 416 167
person 0.1830 368 152 378 160
person 0.1296 377 151 384 157
person 0.1226 201 143 212 172
person 0.1099 256 148 266 159
person 0.1033 473 144 479 194
person 0.0596 412 150 419 167
person 0.0393 376 153 389 161
person 0.0338 362 150 368 156
person 0.0328 464 149 473 159
person 0.0256 452 152 457 162
person 0.0213 387 151 395 157
person 0.0201 180 147 192 176
person 0.0107 412 148 421 177
handbag 0.0515 181 155 191 171
handbag 0.0302 222 152 232 171
handbag 0.0149 181 147 191 166
handbag 0.0107 177 148 187 165
backpack 0.8683 209 147 220 165
backpack 0.4344 194 147 201 158
backpack 0.4154 221 148 229 160
backpack 0.3778 222 147 232 167
backpack 0.2376 202 149 210 163
backpack 0.1826 177 145 186 159
backpack 0.1493 183 145 191 160
backpack 0.0727 195 147 206 167
backpack 0.0500 179 142 186 155
backpack 0.0173 183 142 190 155
car 0.9963 327 151 366 165
car 0.9878 310 149 344 164
car 0.9513 122 149 163 158
car 0.9403 234 147 250 158
car 0.7658 300 150 319 163
car 0.6894 117 148 134 154
car 0.3376 238 152 266 161
car 0.3162 288 151 308 162
car 0.2713 261 152 283 163
car 0.1982 280 152 302 162
car 0.1648 270 151 289 161
car 0.1630 468 152 478 161
car 0.1489 254 151 270 163
car 0.1060 263 151 283 158
car 0.0955 111 148 124 154
car 0.0898 234 151 253 161
car 0.0636 243 150 282 165
car 0.0554 169 150 178 157
car 0.0332 264 151 301 164
car 0.0329 229 151 240 162
car 0.0131 225 147 242 169
bicycle 0.9786 367 156 394 171
bicycle 0.9257 281 157 300 168
bicycle 0.8360 383 156 400 168
bicycle 0.7993 261 157 282 168
bicycle 0.6505 291 158 305 167
bicycle 0.6321 363 158 384 171
bicycle 0.6086 256 156 273 169
bicycle 0.5234 272 157 288 168
bicycle 0.3100 393 156 404 168
bicycle 0.1887 408 154 416 168
bicycle 0.1293 386 154 398 164
bicycle 0.0506 301 157 310 166
bicycle 0.0269 463 152 473 161
bicycle 0.0191 473 145 479 201
bicycle 0.0111 405 151 418 171
